1 1 Left hand (-36.0114, 175.764, 116.287) (-60.0972, 158.371, 157.812)
1 1 Left hand (-35.8885, 174.912, 115.717) (-59.2012, 156.74, 157.349)
1 1 Left hand (-35.5289, 174.321, 114.514) (-58.5309, 155.635, 156.091)
1 1 Left hand (-34.3301, 173.527, 110.678) (-56.8559, 154.158, 152.204)
1 1 Left hand (-33.3492, 172.942, 106.55) (-55.4511, 153.502, 148.27)
1 1 Left hand (-32.7704, 171.911, 104.263) (-54.6477, 152.105, 145.929)
1 1 Left hand (-32.0652, 171.356, 100.89) (-54.0544, 151.652, 142.546)
1 1 Left hand (-31.3773, 170.327, 97.0256) (-53.3731, 150.732, 138.729)
1 1 Left hand (-30.7671, 168.807, 93.5695) (-52.6901, 149.134, 135.275)
1 1 Left hand (-30.3036, 167.124, 90.0271) (-52.1246, 147.363, 131.744)
1 1 Left hand (-30.0987, 165.423, 85.3547) (-52.0643, 146.081, 127.191)
1 1 Left hand (-29.867, 163.698, 81.8377) (-51.7445, 144.725, 123.889)
1 1 Left hand (-30.1144, 161.863, 78.0661) (-52.1806, 143.1, 120.113)
1 1 Left hand (-30.3704, 159.976, 74.394) (-52.543, 141.56, 116.538)
1 1 Left hand (-30.4608, 159.309, 73.0971) (-52.6706, 141.016, 115.275)
1 1 Left hand (-30.6056, 156.677, 69.9124) (-52.5108, 138.341, 112.231)
1 1 Left hand (-30.6914, 154.778, 67.0407) (-52.2151, 136.44, 109.554)
1 1 Left hand (-30.5571, 153.185, 65.1045) (-51.9835, 134.827, 107.658)
1 1 Left hand (-30.7058, 152.375, 63.8139) (-52.2309, 134.146, 106.373)
1 1 Left hand (-30.6544, 151.81, 62.8298) (-52.293, 133.755, 105.406)
1 1 Left hand (-30.5675, 151.397, 62.2002) (-52.2823, 133.428, 104.774)
1 1 Left hand (-30.4405, 151.056, 61.5653) (-52.2225, 133.201, 104.153)
1 1 Left hand (-30.3681, 150.861, 61.0886) (-52.316, 133.112, 103.635)
1 1 Left hand (-30.1567, 150.785, 60.8293) (-52.1852, 133.12, 103.369)
1 1 Left hand (-30.0003, 150.8, 60.7021) (-52.0741, 133.202, 103.246)
1 1 Left hand (-29.8591, 150.837, 60.6384) (-51.979, 133.29, 103.18)
1 1 Left hand (-29.7101, 150.888, 60.7848) (-51.8687, 133.397, 103.329)
1 1 Left hand (-29.5141, 150.968, 60.9893) (-51.7051, 133.53, 103.538)
1 1 Left hand (-29.2704, 151.079, 61.24) (-51.4785, 133.731, 103.817)
1 1 Left hand (-28.9322, 151.222, 61.7368) (-51.0556, 133.989, 104.404)
1 1 Left hand (-28.5451, 151.426, 62.6039) (-50.5213, 134.25, 105.37)
1 1 Left hand (-28.5006, 152.261, 63.9485) (-50.6583, 135.316, 106.714)
1 1 Left hand (-28.3294, 153.283, 65.5464) (-50.7161, 136.598, 108.294)
1 1 Left hand (-28.111, 154.22, 68.8434) (-50.3186, 137.532, 111.683)
1 1 Left hand (-27.7027, 155.407, 71.8734) (-49.7767, 138.774, 114.804)
1 1 Left hand (-28.0028, 156.728, 75.8438) (-50.2996, 140.506, 118.816)
1 1 Left hand (-27.6896, 158.318, 79.2025) (-49.8602, 142.101, 122.242)
1 1 Left hand (-27.9249, 159.505, 84.1587) (-49.9249, 142.831, 127.111)
1 1 Left hand (-27.9674, 161.246, 87.9984) (-50.1167, 144.988, 131.033)
1 1 Left hand (-28.1027, 162.359, 93.0975) (-50.0861, 145.952, 136.161)
1 1 Left hand (-28.0375, 163.311, 97.4373) (-49.8296, 146.657, 140.503)
1 1 Left hand (-27.7091, 163.986, 99.4864) (-49.4616, 147.53, 142.649)
1 1 Left hand (-27.6301, 165.084, 103.122) (-49.291, 149.298, 146.579)
1 1 Left hand (-27.0721, 166.094, 106.912) (-48.5295, 149.988, 150.353)
1 1 Left hand (-26.8331, 166.856, 111.118) (-48.2941, 150.713, 154.544)
1 1 Left hand (-26.9848, 167.721, 116.042) (-48.3127, 152.197, 159.758)
1 1 Left hand (-27.2287, 169.808, 121.596) (-48.7078, 154.501, 165.314)
1 1 Left hand (-27.1921, 171.455, 127.134) (-48.8405, 156.394, 170.854)
1 1 Left hand (-29.7142, 171.798, 132.621) (-51.8379, 155.388, 175.611)
1 1 Left hand (-29.4427, 173.761, 135.598) (-51.2641, 157.324, 178.732)
1 1 Left hand (-30.5096, 174.715, 137.392) (-52.6296, 157.996, 180.265)
1 1 Left hand (-32.198, 178.893, 152.366) (-55.5987, 161.12, 194.121)
1 1 Left hand (-31.5304, 183.484, 162.405) (-55.3491, 163.704, 203.005)
1 1 Left hand (-30.0589, 187.829, 172.484) (-52.3699, 171.844, 215.538)
1 1 Left hand (-30.3442, 192.613, 186.519) (-53.5098, 179.428, 230.067)
1 1 Left hand (-28.0993, 192.604, 190.577) (-52.8074, 175.211, 231.735)
1 1 Left hand (-27.4511, 194.089, 195.836) (-53.0093, 173.966, 235.19)
1 1 Left hand (-28.1392, 198.716, 206.859) (-55.5, 179.461, 245.427)
1 1 Left hand (-25.7563, 200.141, 219.037) (-42.4383, 194.687, 266.984)
1 1 Left hand (-26.6573, 197.192, 223.825) (-39.856, 196.447, 273.142)
1 1 Left hand (-23.2698, 196.405, 222.214) (-35.173, 198.172, 271.834)
1 1 Left hand (-20.182, 193.98, 218.366) (-26.8752, 204.593, 267.859)
1 1 Left hand (39.7114, 172.876, 138.629) (8.85685, 155.702, 175.507)
1 1 Left hand (38.3917, 168.397, 137.787) (7.70476, 149.243, 173.82)
1 1 Left hand (36.1967, 159.651, 132.75) (6.64664, 137.371, 167.925)
1 1 Left hand (35.3554, 156.378, 123.682) (5.83096, 134.346, 159.035)
1 1 Left hand (34.3042, 153.291, 117.373) (6.00273, 131.617, 153.927)
1 1 Left hand (33.3305, 152.914, 110.574) (5.93207, 132.23, 148.368)
1 1 Left hand (31.275, 151.592, 106.046) (4.3318, 130.7, 144.053)
1 1 Left hand (29.2857, 151.174, 101.614) (2.75908, 130.945, 140.267)
1 1 Left hand (26.9227, 150.927, 98.3432) (0.784383, 131.317, 137.575)
1 1 Left hand (24.9669, 150.828, 94.5273) (-0.490505, 131.83, 134.502)
1 1 Left hand (22.7284, 150.268, 92.1472) (-2.00276, 131.167, 132.526)
1 1 Left hand (20.1057, 149.877, 90.1996) (-3.88586, 130.687, 130.98)
1 1 Left hand (17.374, 149.511, 87.9213) (-5.79829, 130.497, 129.255)
1 1 Left hand (14.1271, 149.333, 85.8682) (-8.58104, 130.437, 127.512)
1 1 Left hand (11.0312, 149.336, 84.0645) (-11.0928, 130.717, 126.146)
1 1 Left hand (8.12144, 149.563, 82.1894) (-13.4798, 131.174, 124.641)
1 1 Left hand (5.38691, 149.474, 80.3466) (-15.7512, 131.092, 123.034)
1 1 Left hand (2.40668, 149.076, 78.6965) (-18.4228, 130.681, 121.529)
1 1 Left hand (1.23315, 148.92, 78.0468) (-19.4745, 130.518, 120.936)
1 1 Left hand (-2.05863, 148.59, 75.9771) (-22.5068, 130.518, 119.13)
1 1 Left hand (-5.58657, 148.359, 73.9511) (-25.82, 130.715, 117.382)
1 1 Left hand (-8.40533, 148.256, 72.3817) (-28.3312, 130.948, 116.089)
1 1 Left hand (-11.1331, 148.047, 71.4736) (-30.6505, 130.96, 115.451)
1 1 Left hand (-14.1361, 147.894, 70.6403) (-33.4842, 130.994, 114.765)
1 1 Left hand (-17.1597, 147.802, 70.0339) (-36.1239, 131.062, 114.385)
1 1 Left hand (-20.091, 147.769, 69.6123) (-38.5438, 131.181, 114.236)
1 1 Left hand (-23.1829, 147.902, 69.1763) (-41.1926, 131.534, 114.061)
1 1 Left hand (-26.412, 148.119, 68.858) (-43.8669, 131.84, 113.994)
1 1 Left hand (-29.8128, 148.417, 68.371) (-46.8902, 132.285, 113.704)
1 1 Left hand (-33.3666, 148.543, 67.956) (-50.0189, 132.618, 113.519)
1 1 Left hand (-36.855, 148.498, 67.7823) (-53.0023, 132.589, 113.533)
1 1 Left hand (-40.2531, 148.588, 67.7055) (-56.0192, 132.85, 113.647)
1 1 Left hand (-43.5956, 148.444, 67.38) (-58.9853, 132.77, 113.472)
1 1 Left hand (-46.9054, 148.445, 67.3036) (-62.063, 132.91, 113.518)
1 1 Left hand (-49.9564, 148.127, 67.171) (-64.7208, 132.575, 113.508)
1 1 Left hand (-53.2561, 147.684, 66.846) (-67.8487, 132.187, 113.255)
1 1 Left hand (-56.3058, 147.064, 66.6146) (-70.4757, 131.562, 113.153)
1 1 Left hand (-59.3029, 146.371, 66.4244) (-73.0623, 130.977, 113.122)
1 1 Left hand (-62.2558, 145.464, 66.1017) (-75.5746, 130.109, 112.939)
1 1 Left hand (-64.5964, 144.747, 65.8855) (-77.3937, 129.49, 112.9)
1 1 Left hand (-67.2407, 144.451, 65.291) (-79.9688, 129.436, 112.402)
1 1 Left hand (-69.5299, 144.637, 65.0006) (-82.3385, 129.989, 112.205)
1 1 Left hand (-72.4086, 145.091, 64.5367) (-85.8816, 130.256, 111.498)
1 1 Left hand (-74.9005, 145.007, 64.1041) (-88.7308, 129.689, 110.805)
1 1 Left hand (-76.4757, 143.514, 64.1639) (-89.9273, 127.167, 110.626)
1 1 Left hand (-77.8337, 142.714, 64.3461) (-91.0175, 125.826, 110.692)
1 1 Left hand (-79.4706, 142.576, 64.1259) (-92.7106, 125.556, 110.407)
1 1 Left hand (-80.8971, 142.07, 64.2395) (-93.9074, 124.751, 110.475)
1 1 Left hand (-82.3374, 141.562, 64.4078) (-95.0525, 123.894, 110.593)
1 1 Left hand (-83.8125, 141.268, 64.5737) (-96.191, 123.306, 110.737)
1 1 Left hand (-85.4977, 141.346, 64.6852) (-97.5511, 123.206, 110.865)
1 1 Left hand (-87.4686, 141.181, 64.6629) (-99.1761, 122.864, 110.862)
1 1 Left hand (-89.7268, 141.51, 64.9144) (-101.26, 123.071, 111.109)
1 1 Left hand (-91.5726, 141.372, 65.2961) (-102.594, 122.551, 111.462)
1 1 Left hand (-93.6365, 140.971, 66.5017) (-103.888, 121.594, 112.614)
1 1 Left hand (-95.4509, 140.915, 67.6916) (-105.077, 121.135, 113.768)
1 1 Left hand (-97.1253, 141.154, 69.3054) (-105.922, 120.809, 115.301)
1 1 Left hand (-98.9325, 142.086, 71.5177) (-107.095, 121.284, 117.426)
1 1 Left hand (-101.425, 145.172, 76.1231) (-109.897, 124.886, 122.206)
1 1 Left hand (-102.935, 147.38, 82.0374) (-111.13, 126.39, 127.854)
1 1 Left hand (-102.686, 146.405, 89.0191) (-109.762, 124.346, 134.519)
1 1 Left hand (-102.799, 146.164, 91.126) (-109.514, 123.241, 136.252)
1 1 Left hand (-102.346, 147.07, 92.2151) (-108.753, 123.855, 137.236)
1 1 Left hand (-101.408, 152.591, 99.425) (-106.605, 129.082, 144.449)
1 1 Left hand (-100.954, 157.445, 111.413) (-105.254, 133.844, 156.484)
1 1 Left hand (-104.475, 161.207, 126.306) (-110.68, 136.719, 170.676)
1 1 Left hand (-105.686, 165.675, 133.352) (-113.165, 142.08, 178.009)
1 1 Left hand (-113.342, 161.269, 179.87) (-118.05, 137.142, 224.621)
1 1 Left hand (-116.384, 163.11, 184.157) (-121.121, 140.482, 229.681)
1 1 Left hand (-125.333, 175.128, 191.785) (-132.128, 162.749, 240.852)
1 1 Left hand (-127.485, 177.068, 193.146) (-135.306, 166.351, 242.45)
1 1 Left hand (-127.182, 176.09, 193.757) (-134.749, 165.11, 243.043)
1 1 Left hand (-127.776, 172.782, 197.469) (-136.775, 161.927, 246.542)
1 1 Left hand (-128.635, 174.276, 200.51) (-138.91, 166.115, 249.853)
1 1 Left hand (-127.422, 174.324, 203.612) (-137.73, 167.283, 253.12)
1 1 Left hand (-124.283, 174.501, 206.346) (-134.174, 168.415, 256.066)
1 1 Left hand (-120.032, 173.247, 210.036) (-129.51, 166.856, 259.798)
1 1 Left hand (-117.682, 171.288, 212.99) (-132.085, 160.996, 260.881)
1 1 Left hand (-111.584, 171.251, 215.203) (-128.928, 159.046, 261.648)
1 0 Left hand (-101.233, 170.439, 219.174) (-120.719, 156.895, 264.382)
1 0 Left hand (-90.0596, 174.457, 224.177) (-114.568, 164.607, 267.872)
1 1 Left hand (-27.7272, 255.753, 174.865) (-56.3049, 228.816, 207.494)
1 1 Left hand (-27.2153, 252.949, 173.117) (-55.4236, 226.284, 206.285)
1 1 Left hand (-26.4861, 248.443, 168.374) (-54.1224, 223.316, 203.185)
1 1 Left hand (-26.423, 241.009, 161.402) (-54.0421, 216.999, 197.005)
1 1 Left hand (-25.8308, 233.371, 155.249) (-52.9416, 210.252, 191.821)
1 1 Left hand (-25.4715, 226.635, 149.518) (-52.2962, 204.567, 186.94)
1 1 Left hand (-25.4606, 220.268, 143.581) (-51.9242, 198.463, 181.411)
1 1 Left hand (-24.1127, 213.553, 137.989) (-49.7638, 192.028, 176.532)
1 1 Left hand (-23.7971, 207.711, 133.569) (-48.6182, 186.743, 172.954)
1 1 Left hand (-24.0167, 199.45, 128.191) (-48.3144, 179.076, 168.209)
1 1 Left hand (-24.4234, 192.7, 124.456) (-48.0283, 172.363, 164.905)
1 1 Left hand (-24.846, 186.971, 121.164) (-48.1055, 166.246, 161.616)
1 1 Left hand (-25.3275, 180.615, 118.213) (-48.4426, 159.429, 158.51)
1 1 Left hand (-26.045, 176.963, 115.089) (-49.2244, 155.828, 155.375)
1 1 Left hand (-26.5246, 173.514, 112.666) (-49.6898, 152.256, 152.896)
1 1 Left hand (-26.5688, 170.366, 110.177) (-49.6542, 149.143, 150.471)
1 1 Left hand (-26.5495, 167.643, 108.539) (-49.5306, 146.509, 148.939)
1 1 Left hand (-26.5887, 164.922, 107.177) (-49.3703, 143.712, 147.649)
1 1 Left hand (-26.4208, 162.191, 104.786) (-49.2169, 141.514, 145.526)
1 1 Left hand (-26.2236, 158.785, 102.125) (-48.8314, 138.558, 143.195)
1 1 Left hand (-26.066, 155.36, 99.2577) (-48.5116, 135.819, 140.746)
1 1 Left hand (-26.2746, 151.964, 97.4083) (-48.4316, 132.587, 139.128)
1 1 Left hand (-26.2931, 148.541, 94.9855) (-48.3265, 129.643, 136.989)
1 1 Left hand (-26.6572, 145.079, 91.6226) (-48.9117, 126.955, 133.85)
1 1 Left hand (-27.0373, 141.512, 89.6437) (-49.1757, 123.722, 132.074)
1 1 Left hand (-27.4719, 137.781, 87.9682) (-49.4137, 120.576, 130.741)
1 1 Left hand (-27.9207, 134.772, 87.0985) (-49.7136, 117.319, 129.846)
1 1 Left hand (-28.7748, 131.188, 86.1073) (-50.3658, 113.519, 128.869)
1 1 Left hand (-29.1854, 128.263, 85.473) (-50.7169, 110.112, 128.062)
1 1 Left hand (-29.3058, 125.231, 83.9391) (-50.6891, 107.172, 126.642)
1 1 Left hand (-29.0054, 122.39, 82.3576) (-49.9961, 104.268, 125.229)
1 1 Left hand (-28.9511, 119.859, 81.1087) (-49.7618, 101.541, 123.984)
1 1 Left hand (-28.9317, 117.305, 80.0665) (-49.5426, 98.7679, 122.944)
1 1 Left hand (-29.195, 115.296, 78.7492) (-49.7832, 96.9209, 121.707)
1 1 Left hand (-29.5281, 113.592, 77.7719) (-50.1246, 95.3906, 120.8)
1 1 Left hand (-29.5541, 111.862, 77.2035) (-49.8219, 93.5131, 120.325)
1 1 Left hand (-29.6888, 110.816, 76.558) (-49.9029, 92.5894, 119.757)
1 1 Left hand (-29.7765, 110.177, 76.1262) (-49.871, 92.0395, 119.418)
1 1 Left hand (-29.8924, 109.787, 75.7226) (-49.958, 91.7734, 119.079)
1 1 Left hand (-30.0482, 109.407, 75.3651) (-50.1293, 91.4802, 118.751)
1 1 Left hand (-30.0772, 109.012, 75.067) (-50.1126, 91.1513, 118.501)
1 1 Left hand (-30.0846, 108.623, 74.7965) (-50.0606, 90.8163, 118.28)
1 1 Left hand (-30.1252, 108.385, 74.4262) (-50.0827, 90.6775, 117.958)
1 1 Left hand (-30.1634, 108.264, 73.9452) (-50.124, 90.7206, 117.542)
1 1 Left hand (-30.0681, 107.934, 73.323) (-49.8983, 90.5708, 117.052)
1 1 Left hand (-30.0091, 107.778, 72.9262) (-49.7244, 90.5531, 116.762)
1 1 Left hand (-30.022, 107.764, 72.5976) (-49.6815, 90.7014, 116.521)
1 1 Left hand (-30.0287, 107.777, 72.4587) (-49.6269, 90.8114, 116.447)
1 1 Left hand (-30.0471, 107.816, 72.2149) (-49.6191, 90.9961, 116.271)
1 1 Left hand (-30.0378, 108.037, 72.0694) (-49.637, 91.4478, 116.201)
1 1 Left hand (-29.9767, 108.56, 71.9812) (-49.6123, 92.3575, 116.24)
1 1 Left hand (-29.9518, 109.423, 72.0981) (-49.6771, 93.6757, 116.481)
1 1 Left hand (-29.8955, 110.688, 73.1047) (-49.535, 95.4005, 117.686)
1 1 Left hand (-29.722, 111.988, 74.2429) (-49.3655, 97.213, 118.995)
1 1 Left hand (-29.3438, 113.26, 75.4304) (-48.9929, 98.8808, 120.309)
1 1 Left hand (-29.1771, 115.191, 77.5236) (-48.9397, 101.187, 122.471)
1 1 Left hand (-29.234, 118.207, 79.3519) (-49.5495, 104.666, 124.194)
1 1 Left hand (-29.1893, 121.025, 82.5814) (-49.6122, 107.402, 127.35)
1 1 Left hand (-29.153, 124.022, 86.5679) (-49.7035, 110.516, 131.314)
1 1 Left hand (-28.8584, 127.171, 90.5506) (-49.6823, 113.39, 135.086)
1 1 Left hand (-28.3983, 130.014, 94.1225) (-49.2457, 116.156, 138.623)
1 1 Left hand (-28.6974, 133.334, 97.7968) (-50.1342, 118.947, 141.847)
1 1 Left hand (-28.5589, 136.063, 101.988) (-50.2173, 120.463, 145.513)
1 1 Left hand (-28.5797, 139.997, 105.915) (-50.5384, 124.817, 149.439)
1 1 Left hand (-28.3486, 143.2, 108.631) (-50.4969, 128.394, 152.187)
1 1 Left hand (-28.1586, 145.989, 113.548) (-50.0451, 130.995, 157.173)
1 1 Left hand (-28.7564, 149.334, 118.406) (-51.1163, 133.369, 161.442)
1 1 Left hand (-29.6184, 152.497, 122.872) (-52.5287, 136.645, 165.66)
1 1 Left hand (-30.4503, 155.148, 125.848) (-54.1053, 139.368, 168.255)
1 1 Left hand (-31.9065, 160.317, 132.977) (-56.9755, 145.464, 174.904)
1 1 Left hand (-31.3375, 164.321, 139.489) (-56.2757, 149.026, 181.335)
1 1 Left hand (-28.614, 170.325, 147.64) (-53.201, 154.587, 189.53)
1 1 Left hand (-26.4456, 177.482, 160.621) (-49.7069, 162.826, 203.645)
1 1 Left hand (-29.2226, 181.366, 177.601) (-52.2681, 167.852, 221.111)
1 1 Left hand (-29.2548, 181.665, 179.166) (-52.4506, 168.128, 222.59)
1 1 Left hand (-27.588, 182.525, 181.036) (-51.3347, 168.574, 224.029)
1 1 Left hand (-30.6769, 183.823, 204.69) (-51.4293, 165.382, 247.541)
1 1 Left hand (-31.6331, 184.152, 214.411) (-51.6893, 165.442, 257.476)
1 1 Left hand (-32.6725, 189.832, 221.546) (-54.7645, 172.439, 264.165)
1 1 Left hand (-31.0752, 190.127, 223.884) (-53.1294, 172.429, 266.396)
1 1 Left hand (-32.6326, 190.21, 230.62) (-53.9934, 174.799, 274.359)
1 1 Left hand (-33.5542, 192.488, 233.932) (-56.3734, 178.402, 277.381)
1 1 Left hand (-33.839, 190.51, 235.953) (-57.5028, 174.337, 278.207)
1 1 Left hand (-34.1791, 188.404, 237.1) (-58.3888, 170.63, 278.391)
1 1 Left hand (-34.4546, 190.217, 240.292) (-58.6021, 173.25, 281.957)
1 1 Left hand (-35.7269, 193.064, 242.876) (-59.5151, 177.518, 285.295)
1 1 Left hand (-36.8915, 191.294, 242.936) (-60.6528, 174.411, 284.856)
1 1 Left hand (-39.0019, 190.405, 242.413) (-62.6712, 172.098, 283.784)
1 1 Left hand (-39.1281, 193.805, 244.656) (-61.3395, 177.943, 287.806)
1 1 Left hand (-40.725, 194.708, 242.289) (-63.1772, 179.637, 285.598)
1 1 Left hand (-40.9162, 196.233, 239.211) (-62.9528, 181.964, 283.002)
1 1 Left hand (-43.7595, 194.991, 233.574) (-66.8225, 179.677, 276.476)
1 1 Left hand (-45.7722, 193.757, 224.62) (-70.88, 177.706, 266.08)
1 1 Left hand (-44.3278, 192.926, 218.881) (-69.1235, 176.812, 260.503)
1 1 Left hand (-41.7853, 194.461, 211.082) (-65.5317, 180.642, 254.118)
1 1 Left hand (-40.7719, 195.048, 205.239) (-64.2664, 181.771, 248.583)
1 1 Left hand (-43.0157, 192.8, 198.73) (-68.1665, 177.91, 240.594)
1 1 Left hand (-39.6737, 192.966, 190.077) (-63.8801, 179.053, 232.825)
1 1 Left hand (-39.3142, 190.803, 183.537) (-63.7884, 176.22, 225.908)
1 1 Left hand (-37.7007, 191.069, 173.79) (-62.5937, 177.73, 216.326)
1 1 Left hand (-37.4394, 188.9, 168.477) (-60.9871, 177.331, 212.278)
1 1 Left hand (-35.3569, 184.522, 161.201) (-57.5721, 172.488, 205.57)
1 1 Left hand (-34.2152, 179.513, 152.854) (-55.7593, 165.808, 197.069)
1 1 Left hand (-35.053, 178.489, 147.399) (-57.2629, 165.485, 191.496)
1 1 Left hand (-33.8433, 175.345, 140.989) (-54.3904, 163.178, 186.119)
1 1 Left hand (-34.2268, 171.705, 134.154) (-54.7855, 159.947, 179.387)
1 1 Left hand (-33.9097, 172.527, 128.053) (-55.5273, 162.921, 173.301)
1 1 Left hand (-35.4318, 168.806, 120.793) (-58.0136, 160.4, 165.808)
1 1 Left hand (-35.3884, 166.27, 115.818) (-57.9661, 159.212, 161.066)
1 1 Left hand (-35.3829, 164.54, 112.662) (-57.7333, 159.034, 158.237)
1 1 Left hand (-35.4978, 163.627, 110.931) (-57.5874, 159.352, 156.764)
1 1 Left hand (-35.8011, 162.499, 109.792) (-57.8817, 159.05, 155.7)
1 1 Left hand (-35.4544, 163.019, 108.682) (-58.054, 160.99, 154.421)
1 1 Left hand (-35.6395, 162.61, 108.003) (-58.7953, 161.185, 153.486)
1 1 Left hand (-35.3201, 161.909, 107.36) (-58.8041, 161.047, 152.689)
1 1 Left hand (-35.4464, 161.53, 106.494) (-59.4837, 161.32, 151.539)
1 1 Left hand (-35.5714, 161.247, 105.71) (-60.1155, 161.573, 150.481)
1 1 Left hand (-35.7957, 161.099, 104.848) (-60.8191, 161.921, 149.346)
1 1 Left hand (-35.2617, 161.028, 103.574) (-60.3114, 162.547, 148.039)
1 1 Left hand (-34.9948, 160.876, 102.817) (-60.0488, 162.72, 147.267)
1 1 Left hand (-34.8531, 160.795, 102.415) (-59.9087, 162.812, 146.856)
1 1 Left hand (-34.5986, 160.96, 101.54) (-59.5615, 163.394, 146.013)
1 1 Left hand (-34.4253, 161.072, 100.944) (-59.3252, 163.791, 145.436)
1 1 Left hand (-34.4355, 161.032, 100.272) (-59.3153, 164.01, 144.759)
1 1 Left hand (-34.5003, 160.992, 99.7068) (-59.4203, 164.158, 144.158)
1 1 Left hand (-34.4502, 160.927, 99.3999) (-59.3595, 164.197, 143.849)
1 1 Left hand (-34.5312, 160.844, 99.0438) (-59.5671, 164.209, 143.415)
1 1 Left hand (-34.5232, 160.843, 98.7705) (-59.6364, 164.322, 143.089)
1 1 Left hand (-34.508, 160.891, 98.3789) (-59.7262, 164.573, 142.622)
1 1 Left hand (-34.6193, 160.906, 98.1789) (-59.9254, 164.715, 142.361)
1 1 Left hand (-34.6323, 160.866, 97.9264) (-59.9739, 164.802, 142.077)
1 1 Left hand (-34.5243, 160.747, 97.5451) (-59.7798, 164.834, 141.731)
1 1 Left hand (-34.3622, 160.513, 97.2775) (-59.4975, 164.679, 141.524)
1 1 Left hand (-34.241, 160.303, 97.0881) (-59.2557, 164.512, 141.399)
1 1 Left hand (-34.154, 160.014, 96.8795) (-59.081, 164.223, 141.24)
1 1 Left hand (-34.4137, 159.69, 96.4782) (-59.3645, 163.929, 140.822)
1 1 Left hand (-34.542, 159.292, 96.0025) (-59.4455, 163.645, 140.362)
1 1 Left hand (-34.564, 158.771, 95.32) (-59.2673, 163.319, 139.772)
1 1 Left hand (-34.5312, 158.123, 94.6435) (-58.9879, 162.829, 139.215)
1 1 Left hand (-34.7182, 157.033, 94.1801) (-59.1711, 161.644, 138.764)
1 1 Left hand (-34.559, 155.937, 93.3242) (-58.7477, 160.614, 138.045)
1 1 Left hand (-34.5003, 155.185, 92.6715) (-58.5269, 159.943, 137.471)
1 1 Left hand (-34.491, 154.729, 91.8463) (-58.34, 159.884, 136.697)
1 1 Left hand (-34.4028, 154.399, 91.2839) (-58.0725, 159.854, 136.194)
1 1 Left hand (-34.4953, 153.892, 90.8205) (-58.1084, 159.494, 135.742)
1 1 Left hand (-34.618, 153.519, 90.2552) (-58.172, 159.314, 135.184)
1 1 Left hand (-34.923, 152.597, 89.6225) (-58.459, 158.415, 134.557)
1 1 Left hand (-35.2143, 151.485, 88.491) (-58.7026, 157.494, 133.426)
1 1 Left hand (-35.4953, 150.094, 87.1382) (-58.9194, 156.257, 132.085)
1 1 Left hand (-35.5927, 148.844, 85.2545) (-58.8551, 155.254, 130.251)
1 1 Left hand (-35.4749, 147.342, 82.9646) (-58.3724, 153.872, 128.131)
1 1 Left hand (-35.3808, 145.452, 80.838) (-57.9687, 151.672, 126.204)
1 1 Left hand (-36.0327, 144.025, 79.6507) (-58.9401, 149.653, 124.933)
1 1 Left hand (-35.6732, 143.343, 77.8211) (-58.3193, 148.861, 123.248)
1 1 Left hand (-35.5452, 143.07, 76.9583) (-57.9605, 148.533, 122.507)
1 1 Left hand (-35.5201, 143.098, 76.6038) (-57.8053, 148.568, 122.215)
1 1 Left hand (-35.4471, 143.188, 76.4365) (-57.6394, 148.624, 122.097)
1 1 Left hand (-35.1827, 143.752, 76.1247) (-57.1581, 149.13, 121.897)
1 1 Left hand (-34.9151, 144.362, 76.3773) (-56.7055, 149.348, 122.282)
1 1 Left hand (-34.2903, 145.461, 77.6104) (-55.8289, 149.529, 123.724)
1 1 Left hand (-33.3635, 148.041, 79.9595) (-54.7022, 151.397, 126.223)
1 1 Left hand (-32.5477, 150.498, 83.8122) (-54.019, 152.864, 130.076)
1 1 Left hand (-32.1591, 153.953, 88.4665) (-53.9744, 155.881, 134.589)
1 1 Left hand (-31.6298, 158.354, 94.398) (-54.0827, 160.523, 140.203)
1 1 Left hand (-30.6548, 162.684, 101.383) (-53.9611, 163.097, 146.809)
1 1 Left hand (-29.2245, 166.991, 104.733) (-53.6966, 164.92, 149.496)
1 1 Left hand (-26.8787, 171.019, 110.445) (-51.9468, 167.667, 154.799)
1 1 Left hand (-24.3194, 173.761, 116.771) (-49.4647, 168.952, 160.947)
1 1 Left hand (-23.4221, 176.574, 125.63) (-49.3157, 171.314, 169.32)
1 1 Left hand (-22.3852, 177.644, 134.662) (-49.5824, 167.063, 176.558)
1 1 Left hand (-15.6713, 182.46, 151.846) (-41.1659, 171.595, 194.728)
1 1 Left hand (-2.36514, 186.631, 174.303) (-30.4048, 174.347, 215.166)
1 1 Left hand (-2.2929, 188.476, 184.428) (-35.0609, 183.893, 223.314)
1 1 Left hand (-1.70572, 184.5, 198.386) (-40.8042, 177.02, 230.359)
1 0 Left hand (6.54273, 182.943, 207.146) (-32.9553, 168.465, 236.08)
1 0 Left hand (9.3011, 185.253, 211.197) (-27.511, 172.265, 244.108)
1 0 Left hand (13.4313, 183.873, 215.136) (-22.7838, 171.915, 249.083)
1 0 Left hand (23.9844, 182.339, 220.599) (-13.6368, 178.003, 254.844)
