1 2 Left hand (-32.1184, 172.663, 163.118) (-49.6038, 167.648, 206.076)
1 2 Left hand (-29.4024, 171.298, 161.038) (-46.4851, 165.44, 204.05)
1 2 Left hand (-27.8582, 169.866, 156.581) (-45.1328, 163.471, 199.441)
1 2 Left hand (-27.948, 170.124, 154.463) (-45.7448, 164.104, 197.162)
1 2 Left hand (-28.2291, 172.008, 151.31) (-46.7872, 167.628, 193.885)
1 2 Left hand (-26.5897, 173.83, 144.272) (-44.9434, 172.24, 187.13)
1 2 Left hand (-24.6433, 173.374, 138.157) (-42.6297, 172.859, 181.197)
1 2 Left hand (-25.5121, 172.776, 135.56) (-44.43, 172.373, 178.2)
1 2 Left hand (-25.6899, 172.635, 134.736) (-44.8264, 172.302, 177.279)
1 2 Left hand (-25.5157, 172.687, 134.279) (-44.6274, 172.493, 176.834)
1 2 Left hand (-24.3728, 173.332, 131.257) (-43.1213, 174.157, 173.966)
1 2 Left hand (-23.5577, 172.877, 128.301) (-42.1013, 174.033, 171.091)
1 2 Left hand (-23.435, 172.652, 126.909) (-42.0507, 173.933, 169.665)
1 2 Left hand (-23.7023, 172.501, 125.933) (-42.5858, 173.83, 168.569)
1 2 Left hand (-24.154, 172.215, 124.468) (-43.5833, 173.581, 166.857)
1 2 Left hand (-23.7065, 171.456, 120.94) (-43.5834, 172.892, 163.119)
1 2 Left hand (-23.6295, 170.902, 118.893) (-43.9471, 172.333, 160.862)
1 2 Left hand (-22.8778, 169.244, 116.309) (-43.2983, 170.156, 158.242)
1 2 Left hand (-22.3936, 168.297, 114.212) (-42.9717, 168.965, 156.073)
1 2 Left hand (-22.2508, 167.739, 113.209) (-43.0007, 168.324, 154.986)
1 2 Left hand (-21.7043, 167.925, 111.772) (-42.3196, 169.052, 153.604)
1 2 Left hand (-21.3783, 168.035, 110.914) (-41.9073, 169.485, 152.779)
1 2 Left hand (-21.1725, 167.629, 108.667) (-41.9536, 169.338, 150.397)
1 2 Left hand (-20.2888, 166.693, 106.337) (-40.8898, 168.451, 148.154)
1 2 Left hand (-19.7021, 165.668, 104.249) (-40.2538, 167.405, 146.092)
1 2 Left hand (-19.4311, 165.195, 103.285) (-39.96, 166.923, 145.139)
1 2 Left hand (-19.4508, 164.567, 102.163) (-40.1503, 166.313, 143.933)
1 2 Left hand (-18.5876, 163.832, 99.6473) (-38.9839, 165.912, 141.551)
1 2 Left hand (-17.97, 162.569, 98.2721) (-38.0652, 164.443, 140.33)
1 2 Left hand (-17.7383, 161.776, 96.8802) (-37.7756, 163.651, 138.966)
1 2 Left hand (-16.6227, 161.023, 94.2699) (-36.1573, 163.161, 136.579)
1 2 Left hand (-16.1016, 159.633, 92.2042) (-35.3517, 161.943, 134.634)
1 2 Left hand (-15.5731, 158.596, 90.399) (-34.4603, 161.059, 132.983)
1 2 Left hand (-15.2003, 157.854, 89.2265) (-33.75, 160.562, 131.944)
1 2 Left hand (-15.0777, 156.817, 88.2814) (-33.3717, 159.576, 131.106)
1 2 Left hand (-14.9456, 155.187, 86.6625) (-32.9791, 157.637, 129.616)
1 2 Left hand (-14.6033, 153.894, 84.9701) (-32.27, 156.267, 128.08)
1 2 Left hand (-14.5256, 152.977, 84.0139) (-32.0047, 155.196, 127.209)
1 2 Left hand (-14.4578, 152.113, 82.4609) (-31.866, 154.458, 125.678)
1 2 Left hand (-14.3014, 151.283, 81.4656) (-31.5837, 153.617, 124.733)
1 2 Left hand (-13.9719, 150.718, 79.2833) (-31.1085, 153.313, 122.594)
1 2 Left hand (-13.6926, 149.785, 78.089) (-30.6416, 152.273, 121.48)
1 2 Left hand (-13.6004, 149.108, 76.9644) (-30.5075, 151.683, 120.366)
1 2 Left hand (-13.5902, 148.313, 76.0437) (-30.5045, 150.864, 119.444)
1 2 Left hand (-13.3602, 147.674, 75.3152) (-30.1276, 150.171, 118.776)
1 2 Left hand (-13.2358, 147.085, 74.6189) (-29.9177, 149.522, 118.116)
1 2 Left hand (-13.0049, 146.653, 73.8868) (-29.5518, 149.105, 117.435)
1 2 Left hand (-12.8946, 146.276, 72.8172) (-29.4277, 148.86, 116.363)
1 2 Left hand (-12.8025, 145.981, 72.0181) (-29.3373, 148.676, 115.556)
1 2 Left hand (-12.6529, 145.611, 70.9592) (-29.2059, 148.432, 114.482)
1 2 Left hand (-12.4941, 145.372, 70.1719) (-29.098, 148.294, 113.669)
1 2 Left hand (-12.2269, 145.323, 69.1007) (-28.848, 148.485, 112.574)
1 2 Left hand (-11.9792, 145.211, 68.2219) (-28.6157, 148.517, 111.679)
1 2 Left hand (-11.8064, 145.043, 67.6531) (-28.4353, 148.383, 111.111)
1 2 Left hand (-11.549, 144.63, 67.2658) (-28.0898, 147.801, 110.769)
1 2 Left hand (-11.4615, 144.55, 66.7503) (-28.0076, 147.749, 110.25)
1 2 Left hand (-11.3666, 144.495, 66.3803) (-27.9032, 147.73, 109.881)
1 2 Left hand (-11.2291, 144.304, 66.1083) (-27.725, 147.463, 109.63)
1 2 Left hand (-11.1874, 144.127, 65.831) (-27.7122, 147.232, 109.345)
1 2 Left hand (-11.1499, 144.025, 65.6278) (-27.6882, 147.113, 109.138)
1 2 Left hand (-11.075, 143.748, 65.5162) (-27.5895, 146.706, 109.045)
1 2 Left hand (-11.0405, 143.74, 65.4111) (-27.5452, 146.71, 108.943)
1 2 Left hand (-11.0076, 143.907, 65.3744) (-27.4647, 146.967, 108.918)
1 2 Left hand (-10.9695, 143.968, 65.4941) (-27.3762, 147.023, 109.057)
1 2 Left hand (-10.7792, 144.078, 66.195) (-26.9886, 146.984, 109.842)
1 2 Left hand (-10.6767, 144.161, 66.9559) (-26.7816, 146.801, 110.658)
1 2 Left hand (-11.0248, 144.675, 68.7554) (-27.3298, 147.09, 112.396)
1 2 Left hand (-11.1441, 145.444, 70.5963) (-27.5811, 147.726, 114.195)
1 2 Left hand (-11.5412, 146.762, 72.5792) (-28.3483, 149.254, 116.025)
1 2 Left hand (-11.6588, 148.186, 74.5184) (-28.6497, 150.894, 117.88)
1 2 Left hand (-11.7745, 149.787, 76.6599) (-28.8914, 152.742, 119.955)
1 2 Left hand (-12.1673, 151.694, 79.4979) (-29.5591, 154.901, 122.666)
1 2 Left hand (-12.2959, 153.784, 81.8995) (-29.8973, 157.5, 124.941)
1 2 Left hand (-12.3631, 155.686, 84.6425) (-30.087, 159.641, 127.613)
1 2 Left hand (-12.5852, 157.227, 87.5328) (-30.6238, 161.063, 130.383)
1 2 Left hand (-12.9396, 159.078, 90.6568) (-31.4, 162.979, 133.321)
1 2 Left hand (-13.3142, 163.011, 94.9333) (-32.1576, 168.41, 137.265)
1 2 Left hand (-12.8985, 165.623, 97.4225) (-31.8991, 172.332, 139.496)
1 2 Left hand (-13.4376, 168.524, 99.9775) (-33.3279, 177.092, 141.295)
1 2 Left hand (-12.861, 170.396, 104.902) (-32.6405, 179.236, 146.216)
1 2 Left hand (-12.5737, 171.325, 108.197) (-32.5676, 180.255, 149.388)
1 2 Left hand (-11.7211, 172.966, 111.145) (-31.6855, 182.473, 152.222)
1 2 Left hand (-10.172, 174.952, 114.203) (-29.6757, 185.276, 155.303)
1 2 Left hand (-9.78852, 176.224, 118.812) (-29.3051, 186.639, 159.884)
1 2 Left hand (-8.136, 177.733, 122.255) (-27.0537, 188.647, 163.477)
1 2 Left hand (-7.89941, 177.71, 126.277) (-26.9438, 188.044, 167.59)
1 2 Left hand (-7.0214, 177.804, 129.6) (-25.9465, 187.756, 171.061)
1 2 Left hand (-5.83624, 177.928, 132.18) (-24.6093, 187.679, 173.758)
1 2 Left hand (-5.38143, 178.747, 135.247) (-24.448, 188.984, 176.573)
1 2 Left hand (-6.5687, 178.776, 137.345) (-27.9236, 188.811, 177.588)
1 2 Left hand (-7.76497, 178.802, 140.747) (-31.1925, 188.609, 179.877)
1 2 Left hand (-7.64265, 179.137, 143.124) (-32.1975, 188.634, 181.635)
1 2 Left hand (-7.19371, 178.753, 145.18) (-32.2557, 187.853, 183.46)
1 2 Left hand (-5.94273, 178.43, 146.61) (-31.3648, 187.495, 184.659)
1 2 Left hand (-1.72611, 177.999, 150.379) (-25.2517, 186.894, 189.668)
1 2 Left hand (1.02478, 179.037, 154.568) (-21.5117, 188.967, 194.187)
1 2 Left hand (3.11276, 179.195, 157.29) (-18.7479, 189.742, 197.128)
1 2 Left hand (5.14976, 179.507, 158.399) (-16.5289, 190.65, 198.175)
1 2 Left hand (7.43686, 179.899, 158.855) (-14.407, 191.605, 198.378)
1 2 Left hand (10.3132, 180.193, 158.941) (-11.6309, 192.259, 198.299)
1 2 Left hand (11.7126, 180.335, 158.982) (-10.2787, 192.577, 198.26)
1 2 Left hand (14.5254, 180.287, 158.928) (-7.49971, 192.657, 198.147)
1 2 Left hand (16.0374, 180.261, 158.899) (-6.00565, 192.7, 198.086)
1 2 Left hand (19.8464, 179.674, 159.077) (-2.2107, 192.168, 198.239)
1 2 Left hand (21.7738, 179.377, 159.167) (-0.290386, 191.899, 198.316)
1 2 Left hand (89.9957, 167.322, 140.983) (58.9688, 165.718, 179.882)
1 2 Left hand (86.6954, 164.643, 140.498) (56.2878, 161.12, 179.757)
1 2 Left hand (81.8742, 161.562, 137.363) (51.8474, 156.007, 176.68)
1 2 Left hand (78.0437, 160.361, 134.315) (48.5631, 154.091, 173.938)
1 2 Left hand (75.449, 159.597, 131.921) (46.8175, 152.939, 172.099)
1 2 Left hand (73.6243, 159.301, 127.626) (45.6355, 152.72, 168.266)
1 2 Left hand (71.0883, 160.009, 123.721) (43.5044, 153.63, 164.669)
1 2 Left hand (68.0206, 160.329, 120.553) (40.3269, 153.838, 161.409)
1 2 Left hand (66.0637, 160.744, 117.666) (38.6551, 154.627, 158.772)
1 2 Left hand (63.8834, 160.995, 115.574) (36.7253, 154.587, 156.802)
1 2 Left hand (61.269, 162.888, 113.8) (34.3051, 157.646, 155.318)
1 2 Left hand (58.4595, 161.95, 110.858) (31.2889, 156.013, 152.148)
1 2 Left hand (56.154, 162.004, 108.248) (29.0181, 155.689, 149.505)
1 2 Left hand (54.4811, 162.418, 106.795) (27.9232, 156.108, 148.427)
1 2 Left hand (52.5049, 162.699, 104.664) (26.1593, 156.162, 146.395)
1 2 Left hand (50.6757, 162.829, 102.518) (24.7988, 155.758, 144.455)
1 2 Left hand (49.1537, 163.321, 99.8518) (23.6197, 156.025, 141.96)
1 2 Left hand (47.4186, 163.919, 96.5199) (22.1234, 156.704, 138.786)
1 2 Left hand (44.9347, 164.367, 94.5802) (19.8709, 157.089, 136.973)
1 2 Left hand (42.79, 165.219, 93.5149) (18.0179, 158.142, 136.113)
1 2 Left hand (40.8709, 165.836, 91.8311) (16.2496, 158.8, 134.523)
1 2 Left hand (38.4297, 166.748, 90.4482) (14.0164, 159.838, 133.28)
1 2 Left hand (36.1217, 167.632, 89.4262) (11.9958, 160.899, 132.449)
1 2 Left hand (33.645, 168.601, 88.2006) (9.7187, 162.1, 131.37)
1 2 Left hand (30.8111, 169.093, 87.3053) (7.16508, 162.574, 130.626)
1 2 Left hand (28.1923, 169.207, 86.4677) (4.8149, 162.377, 129.886)
1 2 Left hand (25.4639, 169.513, 85.6742) (2.26107, 162.478, 129.154)
1 2 Left hand (22.7828, 169.732, 84.9016) (-0.287807, 162.53, 128.424)
1 2 Left hand (20.0098, 169.899, 83.8465) (-3.02479, 162.585, 127.369)
1 2 Left hand (17.4866, 170.666, 82.7076) (-5.29304, 163.731, 126.426)
1 2 Left hand (15.0787, 171.119, 81.7011) (-7.36703, 164.222, 125.598)
1 2 Left hand (12.4837, 171.126, 81.1456) (-9.6761, 164.275, 125.195)
1 2 Left hand (9.74664, 170.761, 81.0786) (-12.0733, 163.86, 125.289)
1 2 Left hand (6.92592, 170.653, 80.7706) (-14.53, 163.62, 125.139)
1 2 Left hand (-1.91673, 170.2, 78.8673) (-22.2999, 162.94, 123.702)
1 2 Left hand (-3.9449, 170.39, 78.272) (-24.0052, 163.32, 123.282)
1 2 Left hand (-6.6004, 170.23, 77.5738) (-26.3342, 163.13, 122.723)
1 2 Left hand (-9.19812, 169.794, 77.0995) (-28.4825, 162.594, 122.427)
1 2 Left hand (-11.7016, 169.635, 76.5898) (-30.5759, 162.54, 122.106)
1 2 Left hand (-14.2571, 169.345, 75.9855) (-32.7298, 162.346, 121.681)
1 2 Left hand (-16.6966, 168.778, 75.3535) (-34.7626, 161.755, 121.208)
1 2 Left hand (-19.0158, 168.124, 74.8372) (-36.647, 160.985, 120.843)
1 2 Left hand (-21.1724, 167.747, 74.3143) (-38.2904, 160.652, 120.52)
1 2 Left hand (-23.9294, 167.135, 73.5945) (-40.7543, 159.963, 119.896)
1 2 Left hand (-26.259, 166.22, 73.1607) (-42.5415, 158.871, 119.628)
1 2 Left hand (-28.6775, 165.54, 72.6102) (-44.5444, 158.205, 119.223)
1 2 Left hand (-30.6711, 164.719, 72.1702) (-46.01, 157.312, 118.948)
1 2 Left hand (-32.9687, 163.891, 71.4583) (-47.8923, 156.513, 118.375)
1 2 Left hand (-35.2448, 163.127, 70.9375) (-49.8412, 155.748, 117.957)
1 2 Left hand (-37.4707, 162.594, 70.4178) (-51.7809, 155.315, 117.541)
1 2 Left hand (-39.5727, 161.793, 70.3174) (-53.6215, 154.525, 117.521)
1 2 Left hand (-41.7319, 161.14, 70.0727) (-55.5783, 153.918, 117.343)
1 2 Left hand (-43.6632, 160.34, 69.7942) (-57.2627, 153.039, 117.124)
1 2 Left hand (-45.485, 159.744, 69.5321) (-58.8678, 152.527, 116.936)
1 2 Left hand (-47.1066, 159.247, 69.3048) (-60.2653, 152.155, 116.791)
1 2 Left hand (-48.51, 158.723, 69.1465) (-61.3921, 151.727, 116.722)
1 2 Left hand (-50.2407, 158.123, 69.0002) (-62.9511, 151.226, 116.636)
1 2 Left hand (-51.8974, 157.727, 68.866) (-64.4466, 151.015, 116.571)
1 2 Left hand (-53.3752, 157.266, 68.8366) (-65.7389, 150.711, 116.612)
1 2 Left hand (-54.6123, 157.003, 68.8017) (-66.7678, 150.646, 116.657)
1 2 Left hand (-55.4986, 156.78, 68.8368) (-67.3579, 150.566, 116.786)
1 2 Left hand (-56.5035, 156.528, 68.9312) (-68.0996, 150.423, 116.958)
1 2 Left hand (-57.6632, 156.259, 69.105) (-69.0588, 150.26, 117.193)
1 2 Left hand (-59.0136, 156.193, 69.2246) (-70.3281, 150.429, 117.361)
1 2 Left hand (-60.2084, 156.267, 69.2956) (-71.4668, 150.737, 117.472)
1 2 Left hand (-61.1186, 156.294, 69.4263) (-72.2621, 150.932, 117.649)
1 2 Left hand (-61.8764, 156.521, 69.7241) (-72.8836, 151.45, 118.009)
1 2 Left hand (-62.798, 156.869, 70.3295) (-73.7091, 152.186, 118.676)
1 2 Left hand (-63.4473, 157.156, 70.7594) (-74.2167, 152.714, 119.16)
1 2 Left hand (-64.0598, 157.381, 71.2677) (-74.7161, 153.092, 119.707)
1 2 Left hand (-64.6589, 157.788, 71.8699) (-75.2273, 153.707, 120.347)
1 2 Left hand (-65.1826, 158.207, 72.6029) (-75.617, 154.241, 121.118)
1 2 Left hand (-65.7604, 158.605, 73.653) (-76.1154, 154.674, 122.188)
1 2 Left hand (-66.2682, 159.105, 74.5864) (-76.5813, 155.355, 123.145)
1 2 Left hand (-66.724, 159.663, 75.4164) (-77.0383, 156.039, 123.984)
1 2 Left hand (-67.0273, 159.93, 76.2009) (-77.3264, 156.265, 124.769)
1 2 Left hand (-67.2242, 160.958, 77.9239) (-77.4084, 157.559, 126.535)
1 2 Left hand (-67.5188, 161.862, 79.4597) (-77.7744, 158.53, 128.061)
1 2 Left hand (-67.7284, 163.238, 81.604) (-78.0768, 160.232, 130.207)
1 2 Left hand (-67.6587, 164.019, 82.9559) (-78.0575, 161.05, 131.55)
1 2 Left hand (-67.6534, 164.312, 84.4918) (-78.1994, 161.239, 133.048)
1 2 Left hand (-67.3514, 164.738, 85.5647) (-77.885, 161.695, 134.125)
1 2 Left hand (-67.1224, 165.135, 86.1921) (-77.6989, 162.228, 134.752)
1 2 Left hand (-67.0615, 165.219, 86.9431) (-77.8186, 162.284, 135.461)
1 2 Left hand (-67.0678, 165.699, 88.315) (-78.1353, 162.904, 136.772)
1 2 Left hand (-67.1004, 166.173, 89.6232) (-78.4664, 163.47, 138.016)
1 2 Left hand (-67.1008, 166.641, 91.6611) (-78.6869, 164.149, 140.013)
1 2 Left hand (-67.2168, 166.934, 93.3603) (-79.0258, 164.546, 141.663)
1 2 Left hand (-66.8904, 167.515, 94.4947) (-78.6194, 165.384, 142.829)
1 2 Left hand (-66.7951, 168.293, 95.6475) (-78.5586, 166.643, 143.992)
1 2 Left hand (-66.7805, 168.874, 96.9093) (-78.5903, 167.524, 145.252)
1 2 Left hand (-66.7419, 169.166, 97.6539) (-78.5675, 167.954, 145.997)
1 2 Left hand (-66.4625, 169.915, 99.2247) (-78.2439, 169.38, 147.59)
1 2 Left hand (-66.2349, 169.573, 101.403) (-77.9842, 168.653, 149.771)
1 2 Left hand (-66.0113, 170.016, 104.31) (-77.8366, 169.444, 152.665)
1 2 Left hand (-65.6884, 170.554, 107.038) (-77.5257, 170.42, 155.393)
1 2 Left hand (-65.3917, 171.093, 109.941) (-77.3633, 171.494, 158.262)
1 2 Left hand (-64.9941, 171.301, 112.18) (-77.2249, 172.292, 160.427)
1 2 Left hand (-64.8223, 171.391, 113.148) (-77.1637, 172.638, 161.361)
1 2 Left hand (-65.7108, 171.949, 116.358) (-79.4217, 174.417, 164.152)
1 2 Left hand (-65.7907, 172.854, 118.091) (-80.1827, 176.463, 165.611)
1 2 Left hand (-66.0278, 174.421, 121.282) (-81.3904, 179.803, 168.328)
1 2 Left hand (-64.8515, 175.161, 124.12) (-80.2062, 181.675, 171.026)
1 2 Left hand (-64.7134, 176.564, 127.32) (-81.0635, 184.903, 173.596)
1 2 Left hand (-63.8561, 177.508, 128.956) (-80.6809, 186.995, 174.839)
1 2 Left hand (-61.4181, 178.152, 132.898) (-77.7766, 188.408, 178.784)
1 2 Left hand (-60.2469, 179.183, 137.181) (-77.3086, 190.307, 182.607)
1 2 Left hand (-59.3974, 179.072, 142.029) (-77.0814, 190.079, 187.245)
1 2 Left hand (-58.731, 179.048, 146.35) (-77.2546, 190.22, 191.188)
1 2 Left hand (-58.5728, 179.841, 149.085) (-78.0344, 191.467, 193.407)
1 2 Left hand (-57.6823, 181.161, 153.277) (-77.9824, 193.341, 197.071)
1 2 Left hand (-57.1409, 181.129, 156.106) (-78.338, 193.276, 199.482)
1 2 Left hand (-54.047, 181.335, 160.443) (-74.4507, 193.143, 204.291)
1 2 Left hand (-51.8931, 181.172, 163.429) (-71.9177, 193.002, 207.445)
1 2 Left hand (-50.9385, 181.1, 164.752) (-70.7948, 192.939, 208.842)
1 2 Left hand (-48.4971, 180.165, 167.286) (-67.4552, 191.27, 211.958)
1 2 Left hand (-46.1721, 179.738, 169.173) (-64.7825, 190.562, 214.06)
1 2 Left hand (-44.9114, 178.748, 173.708) (-63.4297, 188.226, 218.936)
1 2 Left hand (-43.9572, 178.112, 176.325) (-62.304, 186.81, 221.779)
1 2 Left hand (-43.0874, 177.696, 177.835) (-61.2633, 185.956, 223.439)
1 2 Left hand (-41.1933, 175.271, 180.414) (-58.8002, 181.313, 226.586)
1 2 Left hand (-44.2696, 177.221, 189.551) (-63.184, 180.301, 235.497)
1 2 Left hand (-43.5186, 178.818, 194.831) (-63.7401, 181.793, 240.225)
1 2 Left hand (-43.4168, 177.552, 198.402) (-62.8008, 178.771, 244.24)
1 2 Left hand (-43.3677, 176.941, 200.125) (-62.3865, 177.292, 246.13)
1 2 Left hand (-42.7943, 176.817, 200.863) (-61.714, 177.08, 246.91)
1 2 Left hand (-41.0407, 177.263, 201.769) (-59.1621, 177.97, 248.132)
1 2 Left hand (-37.0049, 176.96, 202.895) (-53.1421, 177.959, 249.98)
1 2 Left hand (-33.9814, 177.619, 203.307) (-48.5016, 179.246, 250.898)
1 2 Left hand (-32.5041, 177.087, 203.766) (-46.3049, 178.726, 251.569)
1 2 Left hand (-31.8394, 176.847, 203.972) (-45.3161, 178.49, 251.868)
1 2 Left hand (-31.4953, 176.723, 204.079) (-44.8039, 178.367, 252.022)
1 2 Left hand (-30.8419, 176.94, 204.019) (-43.7349, 178.802, 252.067)
1 2 Left hand (-30.807, 176.934, 204.008) (-43.7304, 178.757, 252.05)
1 2 Left hand (-30.974, 176.678, 204.061) (-44.268, 178.103, 252.015)
1 2 Left hand (-31.1171, 176.458, 204.107) (-44.7363, 177.55, 251.978)
1 2 Left hand (-31.3635, 176.636, 204.024) (-45.0416, 177.663, 251.88)
1 2 Left hand (-31.0222, 176.921, 203.95) (-44.7586, 177.882, 251.79)
1 2 Left hand (-31.0863, 178.313, 203.585) (-43.5812, 179.198, 251.766)
1 2 Left hand (-30.5388, 179.428, 203.422) (-42.1938, 180.536, 251.809)
1 2 Left hand (-30.7046, 180.136, 203.388) (-42.0061, 181.737, 251.845)
1 2 Left hand (-24.7944, 179.041, 200.08) (-29.7197, 180.458, 249.598)
1 1 Left hand (-21.5988, 178.449, 198.292) (-23.073, 179.825, 248.034)
1 1 Left hand (-20.0298, 178.158, 197.414) (-19.8296, 179.529, 247.177)
1 1 Left hand (-18.7596, 178.385, 196.576) (-17.5283, 180.464, 246.3)
1 1 Left hand (-18.0753, 178.507, 196.125) (-16.2835, 180.952, 245.816)
1 1 Left hand (-17.7124, 178.572, 195.886) (-15.6219, 181.207, 245.555)
1 1 Left hand (-17.4881, 178.612, 195.738) (-15.2129, 181.363, 245.393)
1 1 Left hand (-17.3305, 178.64, 195.634) (-14.9252, 181.472, 245.278)
1 2 Left hand (-23.4301, 251.406, 206.495) (-43.8581, 237.489, 249.708)
1 2 Left hand (-23.5809, 251.879, 205.881) (-44.2224, 238.57, 249.183)
1 2 Left hand (-19.8824, 255.668, 198.017) (-40.481, 249.408, 242.904)
1 2 Left hand (-21.9669, 255.932, 191.734) (-44.1612, 254.77, 236.281)
1 2 Left hand (-22.4693, 255.819, 188.268) (-45.4246, 257.055, 232.425)
1 2 Left hand (-23.63, 254.767, 184.839) (-47.5084, 258.17, 228.388)
1 2 Left hand (-24.3697, 254.198, 181.878) (-48.8641, 259.283, 224.919)
1 2 Left hand (-22.9999, 249.147, 175.066) (-46.3183, 255.085, 218.647)
1 2 Left hand (-23.461, 244.515, 168.83) (-47.1194, 251.153, 212.126)
1 2 Left hand (-24.1408, 240.009, 163.946) (-47.7807, 246.7, 207.244)
1 2 Left hand (-24.9419, 236.939, 160.659) (-48.6637, 243.662, 203.907)
1 2 Left hand (-25.2223, 233.78, 157.276) (-48.7174, 240.322, 200.675)
1 2 Left hand (-25.5378, 231.719, 155.301) (-48.9385, 238.207, 198.759)
1 2 Left hand (-26.1222, 228.821, 152.799) (-49.7568, 235.093, 196.163)
1 2 Left hand (-26.4085, 227.401, 151.574) (-50.1572, 233.567, 194.89)
1 2 Left hand (-27.0284, 226.974, 150.429) (-51.2885, 233.343, 193.432)
1 2 Left hand (-26.9604, 226.533, 146.802) (-51.667, 234.538, 189.274)
1 2 Left hand (-26.8009, 224.227, 143.636) (-51.7488, 232.743, 185.867)
1 2 Left hand (-27.2494, 223.364, 141.129) (-52.7078, 232.484, 182.927)
1 2 Left hand (-27.0823, 222.495, 140.126) (-52.4324, 231.762, 181.958)
1 2 Left hand (-27.0306, 221.77, 138.133) (-52.1608, 231.353, 180.026)
1 2 Left hand (-26.4795, 221.007, 134.606) (-51.4176, 231.638, 176.36)
1 2 Left hand (-26.9252, 220.563, 132.009) (-51.6818, 231.65, 173.752)
1 2 Left hand (-26.3784, 219.859, 128.14) (-50.5214, 231.819, 170.001)
1 2 Left hand (-26.1256, 218.297, 125.375) (-49.6724, 230.482, 167.511)
1 2 Left hand (-26.3676, 217.14, 123.878) (-49.551, 229.147, 166.265)
1 2 Left hand (-26.8362, 215.185, 121.76) (-49.7883, 226.938, 164.344)
1 2 Left hand (-27.5309, 213.843, 120.286) (-50.7066, 225.586, 162.751)
1 2 Left hand (-27.6843, 211.967, 118.437) (-50.5965, 223.671, 161.055)
1 2 Left hand (-27.9868, 210.995, 117.212) (-50.9475, 222.769, 159.785)
1 2 Left hand (-27.3124, 210.692, 114.225) (-49.8832, 223.755, 156.631)
1 2 Left hand (-26.9117, 209.92, 110.872) (-49.2033, 224.221, 153.025)
1 2 Left hand (-26.603, 208.223, 108.142) (-48.5929, 223.298, 150.184)
1 2 Left hand (-26.6802, 207.141, 106.799) (-48.4954, 222.488, 148.834)
1 2 Left hand (-26.6641, 205.564, 104.905) (-48.3876, 221.163, 146.894)
1 2 Left hand (-26.6391, 203.714, 102.933) (-48.2572, 219.544, 144.89)
1 2 Left hand (-26.7337, 202.09, 101.387) (-48.1353, 218.04, 143.41)
1 2 Left hand (-26.6603, 200.408, 99.5374) (-47.9074, 216.428, 141.612)
1 2 Left hand (-26.5388, 199.334, 98.2439) (-47.5863, 215.353, 140.419)
1 2 Left hand (-26.1443, 198.089, 97.4015) (-46.8729, 213.928, 139.801)
1 2 Left hand (-25.6121, 197.387, 96.8743) (-45.9827, 213.192, 139.461)
1 2 Left hand (-25.4982, 196.643, 95.9441) (-45.8516, 212.396, 138.558)
1 2 Left hand (-25.6104, 195.883, 95.1676) (-46.1238, 211.548, 137.737)
1 2 Left hand (-26.1088, 194.544, 93.8079) (-47.1206, 210.071, 136.184)
1 2 Left hand (-26.3987, 192.857, 92.1788) (-47.7887, 208.145, 134.453)
1 2 Left hand (-26.0928, 191.419, 90.7515) (-47.6103, 206.588, 133.004)
1 2 Left hand (-25.8399, 190.289, 89.6661) (-47.3786, 205.348, 131.947)
1 2 Left hand (-25.1497, 188.234, 88.724) (-46.4509, 202.786, 131.301)
1 2 Left hand (-24.7827, 186.494, 87.5187) (-45.9173, 200.779, 130.269)
1 2 Left hand (-24.705, 185.6, 86.8387) (-45.7795, 199.77, 129.657)
1 2 Left hand (-24.7608, 184.89, 85.9865) (-45.8532, 199.139, 128.77)
1 2 Left hand (-24.5464, 184.46, 84.7242) (-45.3992, 199.169, 127.469)
1 2 Left hand (-24.1155, 184.173, 82.9252) (-44.4694, 199.898, 125.549)
1 2 Left hand (-24.1082, 183.939, 81.9173) (-44.3191, 200.227, 124.397)
1 2 Left hand (-23.9736, 183.439, 81.5793) (-43.9732, 200.03, 124.042)
1 2 Left hand (-24.0491, 182.59, 80.7886) (-43.9922, 199.715, 123.066)
1 2 Left hand (-24.1324, 181.611, 80.2501) (-44.0662, 199.057, 122.4)
1 2 Left hand (-24.2022, 180.672, 79.7851) (-44.2007, 198.414, 121.781)
1 2 Left hand (-24.37, 178.712, 79.2297) (-44.5524, 196.597, 121.076)
1 2 Left hand (-24.3464, 176.984, 78.3646) (-44.5498, 195.086, 120.108)
1 2 Left hand (-24.7773, 175.539, 77.8598) (-45.1376, 194.018, 119.361)
1 2 Left hand (-25.0886, 174.058, 77.4068) (-45.3464, 192.595, 118.932)
1 2 Left hand (-25.2843, 172.781, 77.1657) (-45.4223, 191.214, 118.795)
1 2 Left hand (-24.9118, 171.523, 76.4386) (-44.6003, 190.075, 118.23)
1 2 Left hand (-24.7193, 170.821, 75.8302) (-44.0783, 189.58, 117.683)
1 2 Left hand (-24.4184, 169.373, 74.121) (-43.3731, 188.481, 116.001)
1 2 Left hand (-24.3685, 168.376, 73.0298) (-43.0662, 187.711, 114.921)
1 2 Left hand (-24.0937, 166.921, 71.5899) (-42.5782, 186.322, 113.545)
1 2 Left hand (-24.0531, 165.964, 70.7172) (-42.4426, 185.394, 112.701)
1 2 Left hand (-23.976, 165.503, 70.0896) (-42.2905, 185.024, 112.064)
1 2 Left hand (-23.8529, 164.939, 69.4899) (-42.0718, 184.449, 111.511)
1 2 Left hand (-23.8768, 164.463, 69.0933) (-42.0712, 183.907, 111.156)
1 2 Left hand (-23.8271, 164.117, 68.7097) (-41.9493, 183.505, 110.829)
1 2 Left hand (-23.7766, 163.67, 68.4305) (-41.8473, 182.909, 110.64)
1 2 Left hand (-23.6317, 163.238, 67.9935) (-41.5762, 182.322, 110.327)
1 2 Left hand (-23.5831, 162.871, 67.3455) (-41.5008, 181.898, 109.716)
1 2 Left hand (-23.568, 162.515, 66.8857) (-41.4994, 181.43, 109.301)
1 2 Left hand (-23.6869, 162.274, 66.4956) (-41.7311, 181.111, 108.898)
1 2 Left hand (-23.7971, 162.087, 66.2398) (-41.9662, 180.832, 108.629)
1 2 Left hand (-23.8244, 161.88, 65.9375) (-42.1237, 180.505, 108.323)
1 2 Left hand (-23.7135, 161.726, 65.6418) (-42.0892, 180.251, 108.039)
1 2 Left hand (-23.4326, 161.604, 65.1404) (-41.8861, 180.054, 107.536)
1 2 Left hand (-23.2316, 161.517, 64.7816) (-41.7409, 179.914, 107.176)
1 2 Left hand (-22.6138, 161.799, 64.0919) (-41.0497, 180.397, 106.43)
1 2 Left hand (-22.0988, 162.177, 63.3616) (-40.53, 181.057, 105.578)
1 2 Left hand (-21.5876, 162.304, 63.0635) (-39.9038, 181.29, 105.282)
1 2 Left hand (-21.302, 162.392, 62.8526) (-39.5574, 181.448, 105.066)
1 2 Left hand (-21.0599, 162.41, 62.7509) (-39.2329, 181.492, 104.988)
1 2 Left hand (-20.8859, 162.424, 62.6707) (-38.9893, 181.528, 104.928)
1 2 Left hand (-20.7467, 162.436, 62.5911) (-38.7828, 181.554, 104.871)
1 2 Left hand (-20.6181, 162.446, 62.5389) (-38.5868, 181.567, 104.846)
1 2 Left hand (-20.5325, 162.471, 62.5119) (-38.4671, 181.595, 104.831)
1 2 Left hand (-20.4837, 162.525, 62.5372) (-38.4165, 181.657, 104.854)
1 2 Left hand (-20.2425, 162.934, 62.5511) (-38.127, 182.275, 104.793)
1 2 Left hand (-19.9687, 164.186, 63.0994) (-37.8381, 183.922, 105.165)
1 2 Left hand (-19.6173, 165.649, 63.9817) (-37.5598, 185.734, 105.85)
1 2 Left hand (-17.8987, 168.941, 65.967) (-35.2726, 189.458, 107.866)
1 2 Left hand (-17.6114, 169.75, 66.8089) (-34.8588, 190.246, 108.771)
1 2 Left hand (-17.0965, 174.484, 69.2177) (-34.2626, 196.163, 110.614)
1 2 Left hand (-16.2691, 176.757, 70.8399) (-33.1588, 198.881, 112.115)
1 2 Left hand (-15.6929, 180.275, 73.285) (-32.4228, 203.255, 114.155)
1 2 Left hand (-15.3138, 183.604, 76.7897) (-31.8661, 207.078, 117.451)
1 2 Left hand (-15.5238, 186.329, 80.8112) (-32.1258, 209.399, 121.683)
1 2 Left hand (-16.0869, 187.269, 84.8514) (-32.9081, 208.828, 126.452)
1 2 Left hand (-16.1759, 188.432, 87.2556) (-32.913, 209.421, 129.18)
1 2 Left hand (-16.0176, 189.592, 88.9131) (-32.606, 210.241, 131.065)
1 2 Left hand (-16.169, 192.8, 91.8283) (-32.7063, 214.022, 133.715)
1 2 Left hand (-16.5484, 195.32, 95.5993) (-33.3237, 216.236, 137.545)
1 2 Left hand (-17.0907, 196.704, 100.521) (-34.2955, 216.192, 142.977)
1 2 Left hand (-17.9927, 197.329, 105.617) (-35.964, 214.643, 148.693)
1 2 Left hand (-17.8177, 198.079, 108.335) (-35.944, 214.509, 151.693)
1 2 Left hand (-17.7459, 200.216, 111.307) (-35.9166, 216.589, 154.668)
1 2 Left hand (-17.6166, 201.24, 113.214) (-35.7578, 217.643, 156.575)
1 2 Left hand (-17.5199, 201.632, 114.35) (-35.709, 217.796, 157.781)
1 2 Left hand (-17.3186, 201.83, 115.307) (-35.4278, 217.716, 158.873)
1 2 Left hand (-17.3528, 202.427, 117.368) (-35.6039, 217.773, 161.068)
1 2 Left hand (-16.622, 203.477, 118.82) (-34.5994, 218.881, 162.614)
1 2 Left hand (-16.2528, 204.007, 119.554) (-34.0917, 219.44, 163.394)
1 2 Left hand (-16.0676, 204.273, 119.922) (-33.8368, 219.719, 163.786)
1 2 Left hand (-15.8378, 204.6, 120.165) (-33.5301, 220.134, 164.029)
1 2 Left hand (-15.28, 205.395, 120.451) (-32.8011, 221.151, 164.304)
1 2 Left hand (-14.2607, 206.998, 120.827) (-31.576, 222.95, 164.691)
1 2 Left hand (-13.6668, 207.931, 121.046) (-30.8594, 223.996, 164.917)
1 2 Left hand (-12.8197, 209.002, 121.679) (-29.5203, 225.189, 165.695)
1 2 Left hand (-12.1881, 210.361, 122.373) (-28.4094, 226.359, 166.637)
1 2 Left hand (-11.731, 211.512, 122.997) (-27.6608, 227.096, 167.513)
1 2 Left hand (-21.438, 210.913, 139.243) (-43.7787, 216.246, 183.41)
1 2 Left hand (-26.3381, 210.61, 147.444) (-49.8114, 209.806, 191.338)
1 2 Left hand (-27.5068, 212.671, 150.703) (-50.8408, 210.136, 194.606)
1 2 Left hand (-27.9541, 213.46, 151.951) (-51.222, 210.282, 195.846)
1 2 Left hand (-28.0823, 213.985, 152.411) (-51.4349, 210.697, 196.254)
1 2 Left hand (-28.1507, 214.264, 152.657) (-51.5486, 210.92, 196.471)
1 2 Left hand (-27.9561, 214.928, 152.889) (-51.4893, 211.867, 196.652)
1 2 Left hand (-27.4677, 217.861, 154.861) (-51.0808, 215.563, 198.627)
1 2 Left hand (-27.2605, 219.579, 155.974) (-51.0775, 217.501, 199.641)
1 2 Left hand (-26.7447, 220.777, 156.517) (-50.5313, 219.022, 200.215)
1 2 Left hand (-26.4352, 221.699, 156.842) (-50.3207, 220.173, 200.494)
1 2 Left hand (-26.2939, 222.481, 157.051) (-50.3834, 221.003, 200.593)
1 2 Left hand (-25.9233, 223.045, 157.425) (-49.9297, 221.342, 201.004)
1 2 Left hand (-25.589, 223.487, 157.741) (-49.4726, 221.677, 201.383)
1 2 Left hand (-24.9117, 224.134, 158.118) (-48.4974, 222.337, 201.923)
1 2 Left hand (-24.4649, 224.561, 158.367) (-47.8539, 222.768, 202.277)
1 2 Left hand (-23.9638, 225.098, 158.612) (-47.1039, 223.413, 202.658)
1 2 Left hand (-23.6299, 225.456, 158.775) (-46.603, 223.84, 202.91)
1 2 Left hand (-23.2216, 225.983, 159.01) (-45.8795, 224.495, 203.313)
1 2 Left hand (-22.9381, 226.35, 159.174) (-45.3754, 224.946, 203.592)
1 2 Left hand (-22.7574, 226.583, 159.278) (-45.0535, 225.232, 203.769)
1 2 Left hand (-22.6319, 226.745, 159.351) (-44.8294, 225.43, 203.891)
1 2 Left hand (-22.5387, 226.866, 159.404) (-44.6631, 225.576, 203.982)
1 2 Left hand (-22.4668, 226.959, 159.446) (-44.5344, 225.689, 204.052)
1 2 Left hand (-22.4087, 227.034, 159.479) (-44.4306, 225.78, 204.109)
1 2 Left hand (-22.146, 227.165, 159.567) (-44.0367, 225.979, 204.263)
1 2 Left hand (-21.7068, 227.299, 159.722) (-43.4055, 226.21, 204.514)
1 2 Left hand (-21.5483, 225.26, 161.021) (-43.475, 223.628, 205.685)
1 2 Left hand (-21.4466, 223.952, 161.853) (-43.5263, 221.977, 206.428)
1 2 Left hand (-21.3976, 223.322, 162.255) (-43.5527, 221.183, 206.785)
1 2 Left hand (-20.6752, 221.692, 163.202) (-42.5949, 219.382, 207.84)
1 2 Left hand (-20.2373, 220.705, 163.776) (-42.0127, 218.294, 208.479)
1 2 Left hand (-20.0048, 220.18, 164.081) (-41.703, 217.717, 208.819)
1 2 Left hand (-19.2381, 219.687, 164.263) (-40.9365, 217.681, 209.024)
1 2 Left hand (-18.8331, 219.14, 164.284) (-40.9018, 217.67, 208.884)
1 2 Left hand (-18.1788, 215.976, 164.043) (-40.7353, 214.617, 208.401)
1 2 Left hand (-16.9579, 212.582, 162.559) (-39.7646, 211.901, 206.805)
1 2 Left hand (-16.3737, 210.935, 161.722) (-39.337, 210.73, 205.892)
1 2 Left hand (-15.6118, 207.553, 158.861) (-38.66, 207.762, 202.987)
1 2 Left hand (-13.8146, 204.293, 156.189) (-35.5773, 204.467, 200.962)
1 2 Left hand (-12.9523, 201.575, 153.34) (-34.0298, 202.605, 198.429)
1 2 Left hand (-12.4173, 197.178, 149.523) (-33.0564, 198.328, 194.812)
1 2 Left hand (-12.2185, 194.923, 146.622) (-32.6344, 196.451, 192)
1 2 Left hand (-12.4109, 191.986, 143.988) (-32.7248, 192.846, 189.429)
1 2 Left hand (-12.0771, 190.594, 143.113) (-31.8718, 191.116, 188.788)
1 2 Left hand (-12.3696, 188.396, 141.586) (-32.004, 188.613, 187.333)
1 2 Left hand (-12.8383, 185.754, 139.443) (-32.5174, 185.511, 185.171)
1 2 Left hand (-12.7579, 183.421, 136.664) (-32.2498, 183.231, 182.472)
1 2 Left hand (-13.0414, 181.671, 134.828) (-32.6764, 181.408, 180.574)
1 2 Left hand (-12.9323, 179.799, 133.189) (-32.489, 179.558, 178.969)
1 2 Left hand (-12.6913, 178.527, 131.869) (-32.1298, 178.354, 177.7)
1 2 Left hand (-12.4724, 176.975, 130.106) (-31.8236, 176.817, 175.973)
1 2 Left hand (-12.2803, 175.653, 128.737) (-31.5812, 175.297, 174.625)
1 2 Left hand (-12.0884, 174.416, 127.616) (-31.3555, 173.855, 173.516)
1 2 Left hand (-11.9261, 173.364, 126.581) (-31.1762, 172.819, 172.489)
1 2 Left hand (-11.8259, 172.338, 125.624) (-31.0725, 171.68, 171.531)
1 2 Left hand (-11.7709, 171.775, 125.099) (-31.0151, 171.056, 171.007)
1 2 Left hand (-11.7412, 171.47, 124.815) (-30.9837, 170.718, 170.723)
1 2 Left hand (-10.9976, 170.536, 122.819) (-29.806, 169.912, 168.908)
1 2 Left hand (-10.729, 169.618, 121.166) (-29.3513, 169.247, 167.334)
1 2 Left hand (-10.6001, 169.177, 120.374) (-29.1347, 168.929, 166.577)
1 2 Left hand (-10.5141, 168.515, 119.254) (-29.0496, 168.577, 165.457)
1 2 Left hand (-10.5457, 167.549, 117.836) (-29.2299, 167.663, 163.98)
1 2 Left hand (-10.3488, 166.882, 117.048) (-28.9661, 167.012, 163.219)
1 2 Left hand (-10.2473, 166.538, 116.643) (-28.8302, 166.676, 162.827)
1 2 Left hand (-9.7658, 165.706, 115.309) (-28.0496, 165.965, 161.612)
1 2 Left hand (-9.34805, 164.914, 113.959) (-27.2777, 165.506, 160.397)
1 2 Left hand (-9.0883, 163.815, 112.199) (-26.7524, 164.559, 158.736)
1 2 Left hand (-9.15473, 162.856, 111.094) (-26.6864, 163.78, 157.679)
1 2 Left hand (-9.26994, 160.875, 109.229) (-26.7956, 161.468, 155.821)
1 2 Left hand (-10.6706, 158.055, 107.393) (-29.0646, 157.708, 153.652)
1 2 Left hand (-11.7042, 157.116, 106.32) (-30.6707, 156.788, 152.347)
1 2 Left hand (-11.6657, 156.634, 105.636) (-30.4643, 156.525, 151.734)
1 2 Left hand (-11.1281, 154.896, 104.532) (-29.4852, 154.392, 150.804)
1 2 Left hand (-10.762, 153.966, 103.485) (-28.8063, 153.507, 149.881)
1 2 Left hand (-10.4176, 153.149, 102.003) (-28.2273, 152.865, 148.49)
1 2 Left hand (-10.3933, 152.438, 100.741) (-28.1431, 152.269, 147.251)
1 2 Left hand (-10.3896, 151.497, 99.0826) (-28.1102, 151.327, 145.604)
1 2 Left hand (-10.3259, 150.8, 97.8105) (-27.9436, 150.812, 144.372)
1 2 Left hand (-10.4135, 150.053, 96.7926) (-27.9731, 150.157, 143.376)
1 2 Left hand (-10.6867, 149.069, 95.751) (-28.2632, 149.265, 142.327)
1 2 Left hand (-12.2027, 147.308, 94.409) (-30.57, 147.181, 140.68)
1 2 Left hand (-13.138, 146.235, 93.6037) (-31.9763, 145.92, 139.684)
1 2 Left hand (-12.8054, 145.8, 92.8187) (-31.3047, 145.732, 139.037)
1 2 Left hand (-12.5996, 145.326, 92.302) (-30.8617, 145.295, 138.614)
1 2 Left hand (-12.4288, 144.562, 91.3479) (-30.4251, 144.578, 137.764)
1 2 Left hand (-12.4384, 144.061, 90.2587) (-30.2769, 144.415, 136.734)
1 2 Left hand (-12.9931, 143.339, 88.8505) (-31.1116, 143.909, 135.216)
1 2 Left hand (-12.9188, 143.217, 87.2952) (-30.9319, 144.323, 133.692)
1 2 Left hand (-12.7807, 142.61, 85.362) (-30.6759, 143.946, 131.798)
1 2 Left hand (-12.7084, 142.006, 84.1861) (-30.5321, 143.459, 130.646)
1 2 Left hand (-12.6665, 141.692, 83.4927) (-30.4509, 143.275, 129.964)
1 2 Left hand (-12.5384, 141.021, 82.1116) (-30.2995, 142.637, 128.59)
1 2 Left hand (-12.4889, 140.395, 81.0098) (-30.3008, 142.046, 127.468)
1 2 Left hand (-12.4602, 140.055, 80.2326) (-30.3295, 141.845, 126.663)
1 2 Left hand (-12.0221, 137.885, 76.9985) (-29.9058, 139.541, 123.429)
1 2 Left hand (-12.1327, 137.437, 76.2493) (-30.1815, 139.089, 122.616)
1 2 Left hand (-11.594, 136.235, 74.2301) (-29.5391, 137.556, 120.647)
1 2 Left hand (-11.2886, 135.404, 72.5759) (-29.2713, 136.564, 118.983)
1 2 Left hand (-11.081, 135.287, 71.4229) (-29.0973, 136.614, 117.812)
1 2 Left hand (-10.9418, 135.099, 70.768) (-28.958, 136.458, 117.157)
1 2 Left hand (-10.8186, 134.799, 70.2456) (-28.8191, 136.138, 116.641)
1 2 Left hand (-10.6913, 134.146, 69.4038) (-28.7131, 135.28, 115.796)
1 2 Left hand (-10.6135, 133.315, 68.7227) (-28.6649, 134.11, 115.111)
1 2 Left hand (-10.6046, 132.945, 68.1241) (-28.7105, 133.665, 114.492)
1 2 Left hand (-10.5361, 132.97, 67.9114) (-28.608, 133.832, 114.29)
1 2 Left hand (-10.537, 132.95, 67.6476) (-28.659, 133.91, 114.005)
1 2 Left hand (-10.5142, 132.91, 67.4369) (-28.6719, 133.927, 113.779)
1 2 Left hand (-10.4572, 132.84, 67.2916) (-28.6268, 133.876, 113.629)
1 2 Left hand (-10.3848, 132.713, 66.9799) (-28.5968, 133.665, 113.302)
1 2 Left hand (-10.3031, 132.734, 66.7218) (-28.537, 133.706, 113.035)
1 2 Left hand (-10.2309, 132.758, 66.5349) (-28.4819, 133.744, 112.841)
1 2 Left hand (-10.0492, 133.279, 66.4846) (-28.2444, 134.569, 112.805)
1 2 Left hand (-9.92379, 133.668, 66.4621) (-28.1, 135.115, 112.786)
1 2 Left hand (-9.83009, 134.071, 66.4845) (-28.0123, 135.543, 112.805)
1 2 Left hand (-9.6353, 134.735, 66.6301) (-27.7588, 136.268, 112.971)
1 2 Left hand (-9.41267, 135.372, 66.8527) (-27.4344, 136.901, 113.234)
1 2 Left hand (-9.10503, 137.565, 67.357) (-27.0592, 139.826, 113.735)
1 2 Left hand (-9.20662, 141.763, 71.0567) (-27.2681, 145.859, 117.267)
1 2 Left hand (-9.75478, 144.795, 73.4124) (-28.6747, 149.497, 119.219)
1 2 Left hand (-10.3744, 147.069, 76.2986) (-30.109, 152.169, 121.717)
1 2 Left hand (-10.8848, 151.046, 79.943) (-31.2256, 157.61, 124.904)
1 2 Left hand (-11.1938, 156.751, 83.9443) (-31.7126, 165.609, 128.429)
1 2 Left hand (-11.2714, 158.578, 88.6338) (-31.7695, 167.214, 133.171)
1 2 Left hand (-11.4644, 161.368, 91.8443) (-32.0191, 170.72, 136.211)
1 2 Left hand (-11.7144, 164.143, 94.6285) (-32.4636, 173.993, 138.796)
1 2 Left hand (-11.6802, 166.569, 97.0174) (-32.4353, 176.898, 141.073)
1 2 Left hand (-11.6637, 168.501, 98.812) (-32.5632, 179.111, 142.732)
1 2 Left hand (-11.5142, 169.713, 99.9867) (-32.6204, 180.353, 143.801)
1 2 Left hand (-11.1739, 170.868, 100.945) (-32.3047, 181.726, 144.694)
1 2 Left hand (-11.2138, 173.149, 104.055) (-32.7071, 184.288, 147.556)
1 2 Left hand (-11.3142, 175.672, 105.247) (-33.2607, 187.771, 148.262)
1 2 Left hand (-10.4533, 177.091, 105.873) (-31.9601, 189.846, 148.92)
1 2 Left hand (-9.67963, 180.746, 106.909) (-31.0016, 195.396, 149.442)
1 2 Left hand (-9.36604, 182.511, 109.111) (-30.7999, 197.503, 151.468)
1 2 Left hand (-8.78134, 183.897, 110.171) (-30.1986, 199.444, 152.337)
1 2 Left hand (-8.51932, 186.056, 112.262) (-30.2727, 202.525, 153.902)
1 2 Left hand (-7.84211, 187.192, 113.767) (-29.8354, 204.151, 155.084)
1 2 Left hand (-6.83787, 187.771, 114.649) (-28.9739, 205.161, 155.709)
1 2 Left hand (-5.50824, 188.216, 115.47) (-27.6432, 206.105, 156.316)
1 2 Left hand (-4.66203, 188.485, 115.994) (-26.802, 206.678, 156.703)
1 2 Left hand (-3.39025, 191.261, 118.182) (-25.7367, 211.425, 157.836)
1 2 Left hand (-3.67938, 193.018, 121.796) (-26.7129, 214.06, 160.59)
1 2 Left hand (-3.24219, 194.212, 124.135) (-26.6197, 216.084, 162.26)
1 2 Left hand (-2.95925, 194.716, 125.273) (-26.5155, 217.009, 163.041)
1 2 Left hand (-2.7988, 194.929, 126.031) (-26.4588, 217.435, 163.607)
1 2 Left hand (-2.77879, 195.302, 126.624) (-26.5034, 218.294, 163.865)
1 2 Left hand (-2.74104, 195.768, 126.912) (-26.4667, 219.281, 163.825)
1 2 Left hand (-2.8531, 195.979, 127.069) (-26.5645, 219.816, 163.783)
1 2 Left hand (-3.12528, 196.258, 127.07) (-26.8471, 220.475, 163.528)
1 2 Left hand (-3.49253, 196.666, 127.024) (-27.1287, 221.341, 163.229)
1 2 Left hand (-4.32707, 197.958, 126.495) (-27.7439, 223.623, 162.15)
1 2 Left hand (-5.21765, 197.915, 126.248) (-28.5715, 223.535, 161.976)
1 2 Left hand (-7.17831, 198.652, 125.278) (-30.7784, 224.461, 160.708)
1 2 Left hand (-9.00489, 199.987, 123.971) (-32.7003, 226.305, 158.96)
1 2 Left hand (-10.2868, 201.115, 122.725) (-34.0491, 227.828, 157.367)
1 2 Left hand (-10.8416, 202.018, 121.751) (-34.4078, 229.075, 156.26)
1 2 Left hand (-11.4357, 202.973, 120.839) (-34.8468, 230.45, 155.121)
1 2 Left hand (-11.5094, 204.102, 119.611) (-34.5822, 232.171, 153.642)
1 2 Left hand (-11.8994, 205.443, 117.868) (-34.7474, 234.318, 151.373)
1 2 Left hand (-12.1051, 206.15, 116.95) (-34.8358, 235.445, 150.168)
1 2 Left hand (-12.3647, 207.118, 115.601) (-34.6951, 237.127, 148.452)
1 2 Left hand (-12.487, 208.046, 114.057) (-34.3775, 238.809, 146.504)
1 2 Left hand (-12.7467, 208.485, 113.045) (-34.4159, 239.645, 145.26)
1 2 Left hand (-12.8386, 208.596, 112.381) (-34.2235, 240.007, 144.543)
1 2 Left hand (-13.7908, 208.524, 111.546) (-35.2154, 239.976, 143.642)
1 2 Left hand (-14.115, 208.845, 110.47) (-35.3639, 240.702, 142.281)
1 2 Left hand (-14.305, 209.033, 109.839) (-35.4508, 241.126, 141.481)
1 2 Left hand (-14.4129, 209.14, 109.48) (-35.5002, 241.367, 141.025)
1 2 Left hand (-14.4813, 209.207, 109.253) (-35.5314, 241.519, 140.737)
1 2 Left hand (-14.1564, 209.57, 108.062) (-35.0395, 242.367, 139.152)
1 2 Left hand (-13.7016, 210.003, 105.328) (-34.4083, 243.714, 135.546)
1 2 Left hand (-13.7235, 209.908, 102.687) (-34.3946, 244.175, 132.299)
1 2 Left hand (-13.5385, 209.927, 101.213) (-34.0072, 244.544, 130.556)
1 2 Left hand (-13.1627, 209.425, 98.7847) (-33.5012, 244.176, 128.06)
1 2 Left hand (-12.9272, 208.269, 97.3117) (-33.0833, 242.779, 126.995)
1 2 Left hand (-12.5439, 207.763, 95.0607) (-32.3554, 242.463, 124.755)
1 2 Left hand (-12.3324, 207.512, 92.8947) (-31.7115, 242.419, 122.632)
1 2 Left hand (-12.2356, 207.398, 91.9038) (-31.4168, 242.399, 121.658)
1 2 Left hand (-12.2514, 207.451, 90.725) (-31.2035, 242.626, 120.421)
1 2 Left hand (-12.2606, 207.482, 90.0334) (-31.0784, 242.759, 119.693)
1 2 Left hand (-12.2147, 207.616, 88.9807) (-30.8465, 243.088, 118.526)
1 2 Left hand (-11.1484, 207.496, 87.9419) (-29.0549, 243.373, 117.447)
1 2 Left hand (-10.5007, 207.052, 86.4875) (-27.9109, 243.269, 115.874)
1 2 Left hand (-10.4074, 206.001, 84.7944) (-27.6061, 242.391, 114.091)
1 2 Left hand (-9.94174, 204.424, 83.3005) (-27.0204, 240.906, 112.553)
1 2 Left hand (-10.0621, 203.667, 82.0391) (-27.1671, 240.313, 111.071)
1 2 Left hand (-10.0628, 202.814, 80.7181) (-27.0844, 239.599, 109.622)
1 2 Left hand (-9.7863, 201.773, 79.5888) (-26.6344, 238.642, 108.487)
1 2 Left hand (-9.46828, 200.345, 78.1571) (-26.0558, 237.358, 107.023)
1 2 Left hand (-8.84559, 198.473, 76.2904) (-25.0835, 235.678, 105.107)
1 2 Left hand (-8.86288, 196.999, 74.7519) (-25.0228, 234.401, 103.358)
1 2 Left hand (-8.72126, 195.389, 73.24) (-24.7138, 232.83, 101.888)
1 2 Left hand (-8.82914, 194.308, 72.256) (-24.8086, 231.747, 100.914)
1 2 Left hand (-9.24667, 193.041, 71.3332) (-25.4078, 230.356, 100.051)
1 2 Left hand (-8.93064, 190.194, 68.9948) (-24.709, 227.608, 97.7965)
1 2 Left hand (-9.26464, 187.187, 67.9139) (-25.0636, 224.117, 97.3239)
1 2 Left hand (-9.80439, 185.97, 66.8827) (-25.7605, 222.823, 96.3029)
1 2 Left hand (-9.93294, 184.633, 66.2742) (-25.779, 221.442, 95.8095)
1 2 Left hand (-10.1588, 182.496, 65.2909) (-25.9734, 219.159, 95.0239)
1 2 Left hand (-10.602, 180.957, 64.619) (-26.5354, 217.454, 94.4926)
1 2 Left hand (-10.6175, 180.313, 63.7374) (-26.4639, 217.053, 93.3582)
1 2 Left hand (-10.7664, 179.24, 62.807) (-26.594, 216.172, 92.199)
1 2 Left hand (-11.283, 175.982, 61.9972) (-27.271, 212.5, 91.8163)
1 2 Left hand (-11.7658, 173.269, 61.7384) (-27.8889, 209.269, 92.1097)
1 2 Left hand (-12.2079, 171.266, 61.3842) (-28.3593, 206.937, 92.1258)
1 2 Left hand (-12.3214, 169.839, 60.7768) (-28.4011, 205.37, 91.7176)
1 2 Left hand (-12.5013, 168.105, 60.0926) (-28.5486, 203.476, 91.2329)
1 2 Left hand (-12.9207, 166.668, 59.4769) (-29.0654, 201.971, 90.6447)
1 2 Left hand (-13.103, 165.524, 58.9772) (-29.2055, 200.858, 90.1306)
1 2 Left hand (-13.3665, 164.077, 58.3548) (-29.5459, 199.329, 89.5611)
1 2 Left hand (-13.5533, 162.877, 57.8504) (-29.7264, 198.152, 89.0348)
1 2 Left hand (-13.6664, 161.448, 57.2204) (-29.8453, 196.681, 88.449)
1 2 Left hand (-13.7891, 160.006, 56.5864) (-29.9461, 195.231, 87.8349)
1 2 Left hand (-13.8088, 159.173, 56.1143) (-29.9001, 194.458, 87.3296)
1 2 Left hand (-14.0489, 157.962, 55.5016) (-30.2195, 193.211, 86.7163)
1 2 Left hand (-14.0719, 156.991, 54.872) (-30.1613, 192.31, 86.0499)
1 2 Left hand (-14.2631, 155.776, 54.3764) (-30.3757, 190.976, 85.6759)
1 2 Left hand (-14.2091, 154.735, 53.953) (-30.1986, 189.878, 85.3805)
1 2 Left hand (-14.5026, 153.859, 53.6482) (-30.5732, 188.916, 85.1294)
1 2 Left hand (-15.0891, 152.776, 52.7537) (-31.5034, 187.793, 84.1016)
1 2 Left hand (-15.209, 152.551, 52.5681) (-31.6948, 187.557, 83.892)
1 2 Left hand (-15.3577, 152.244, 52.3402) (-31.9479, 187.216, 83.6466)
1 2 Left hand (-15.4369, 151.894, 52.2086) (-32.0673, 186.773, 83.5966)
1 2 Left hand (-15.5729, 151.54, 51.9568) (-32.2647, 186.316, 83.4265)
1 2 Left hand (-15.6846, 151.236, 51.6686) (-32.4151, 185.94, 83.1982)
1 2 Left hand (-15.7846, 151.018, 51.3895) (-32.554, 185.666, 82.9594)
1 2 Left hand (-15.8716, 150.845, 51.0865) (-32.7107, 185.437, 82.681)
1 2 Left hand (-15.8943, 150.72, 50.9298) (-32.7647, 185.254, 82.5706)
1 2 Left hand (-15.9129, 150.66, 50.8057) (-32.7959, 185.139, 82.5)
1 2 Left hand (-16.0363, 150.681, 50.7035) (-32.9438, 185.077, 82.4748)
1 2 Left hand (-16.2643, 150.84, 50.6965) (-33.173, 184.988, 82.7337)
1 2 Left hand (-16.4781, 151.036, 50.8201) (-33.3528, 184.795, 83.2843)
1 2 Left hand (-16.9638, 151.605, 51.7532) (-33.8983, 184.403, 85.1581)
1 2 Left hand (-17.2135, 152.262, 52.5605) (-34.1551, 184.275, 86.7147)
1 2 Left hand (-17.5492, 153.574, 55.0641) (-34.5427, 184.343, 90.3177)
1 2 Left hand (-17.8444, 154.544, 56.464) (-34.933, 184.524, 92.3465)
1 2 Left hand (-18.2441, 155.86, 58.4373) (-35.4244, 185.057, 94.9156)
1 2 Left hand (-18.5745, 156.997, 61.2565) (-35.9403, 184.908, 98.6432)
1 2 Left hand (-18.4158, 158.848, 62.9899) (-35.7653, 186.225, 100.776)
1 2 Left hand (-17.9721, 160.817, 65.0684) (-35.124, 187.5, 103.437)
1 2 Left hand (-17.9601, 161.81, 66.9575) (-35.2123, 187.468, 105.975)
1 2 Left hand (-17.4787, 162.967, 68.1577) (-34.5728, 188.107, 107.58)
1 2 Left hand (-17.6363, 166.058, 70.5312) (-34.9317, 190.835, 110.095)
1 2 Left hand (-18.1306, 170.424, 72.9543) (-36.0166, 194.902, 112.442)
1 2 Left hand (-18.3433, 173.574, 75.8272) (-36.3267, 197.398, 115.669)
1 2 Left hand (-18.4113, 176.444, 79.1518) (-36.1265, 199.208, 119.727)
1 2 Left hand (-19.218, 179.326, 82.598) (-37.1557, 200.923, 123.709)
1 2 Left hand (-19.9722, 182.249, 84.9149) (-38.3609, 203.098, 126.213)
1 2 Left hand (-20.3534, 184.684, 86.3997) (-38.874, 204.635, 128.081)
1 2 Left hand (-20.9272, 187.809, 89.0078) (-39.6977, 207.229, 130.827)
1 2 Left hand (-21.3708, 189.712, 90.4101) (-40.4755, 208.605, 132.319)
1 2 Left hand (-21.1147, 192.308, 91.4079) (-40.0011, 211, 133.506)
1 2 Left hand (-21.8193, 194.136, 92.8447) (-41.1688, 212.128, 135.037)
1 2 Left hand (-22.118, 196.883, 95.3217) (-41.3191, 214.408, 137.778)
1 2 Left hand (-23.0468, 199.53, 96.9461) (-42.7901, 216.944, 139.199)
1 2 Left hand (-23.6037, 201.645, 98.3205) (-43.6748, 219.04, 140.426)
1 2 Left hand (-24.06, 203.539, 99.3151) (-44.3727, 220.749, 141.381)
1 2 Left hand (-24.4118, 205.558, 100.166) (-44.9892, 222.564, 142.186)
1 2 Left hand (-24.8863, 207.971, 101.268) (-45.6651, 224.884, 143.227)
1 2 Left hand (-25.0769, 210.661, 102.276) (-45.8582, 227.674, 144.193)
1 2 Left hand (-25.4389, 212.557, 103.362) (-46.2415, 229.414, 145.331)
1 2 Left hand (-26.0632, 214.542, 104.558) (-47.2774, 231.228, 146.389)
1 2 Left hand (-26.8953, 214.683, 106.686) (-48.499, 229.754, 148.929)
1 2 Left hand (-28.0423, 214.984, 108.777) (-50.3669, 228.11, 151.293)
1 2 Left hand (-28.7429, 215.568, 110.459) (-51.4197, 227.291, 153.198)
1 2 Left hand (-29.2337, 217.006, 112.001) (-52.0395, 227.992, 154.867)
1 2 Left hand (-29.7727, 218.099, 113.495) (-52.7344, 228.094, 156.52)
1 2 Left hand (-30.3035, 218.664, 114.415) (-53.5636, 227.559, 157.521)
1 2 Left hand (-30.6216, 219.409, 115.228) (-54.1019, 227.339, 158.404)
1 2 Left hand (-30.9463, 220.331, 116.231) (-54.5144, 227.553, 159.483)
1 2 Left hand (-31.2272, 220.774, 117.337) (-54.8083, 226.913, 160.749)
1 2 Left hand (-31.3392, 221.261, 118.079) (-55.0174, 226.505, 161.555)
1 2 Left hand (-31.5062, 221.89, 118.759) (-55.4109, 226.536, 162.179)
1 2 Left hand (-31.5568, 222.358, 119.506) (-55.7075, 226.477, 162.843)
1 2 Left hand (-31.5049, 222.654, 120.057) (-55.9336, 226.347, 163.277)
1 2 Left hand (-31.3182, 222.852, 120.491) (-56.0025, 226.227, 163.592)
1 2 Left hand (-31.0531, 223.045, 120.846) (-55.9912, 226.266, 163.812)
1 2 Left hand (-30.8063, 222.842, 121.213) (-56.0316, 225.743, 164.034)
1 2 Left hand (-30.3435, 222.699, 121.688) (-55.8966, 225.356, 164.33)
1 2 Left hand (-29.7883, 222.491, 122.142) (-55.6808, 224.92, 164.593)
1 2 Left hand (-29.1327, 222.126, 122.576) (-55.3984, 224.343, 164.808)
1 2 Left hand (-28.3458, 221.405, 122.939) (-55.0312, 223.268, 164.924)
1 2 Left hand (-27.5627, 220.262, 123.163) (-54.7453, 221.58, 164.849)
1 2 Left hand (-26.5228, 219.099, 123.41) (-54.1101, 220.004, 164.84)
1 2 Left hand (-25.2714, 218.342, 123.699) (-53.1331, 219.108, 164.948)
1 2 Left hand (-24.1844, 217.242, 123.766) (-52.4469, 217.882, 164.743)
1 2 Left hand (-23.0074, 216.368, 123.588) (-51.5624, 217.118, 164.361)
1 2 Left hand (-21.8059, 215.503, 123.442) (-50.592, 216.392, 164.049)
1 2 Left hand (-20.2523, 213.726, 122.642) (-49.1668, 214.616, 163.157)
1 2 Left hand (-18.4827, 211.616, 122.365) (-47.2946, 212.316, 162.958)
1 2 Left hand (-17.1336, 210.305, 122.231) (-45.9758, 211.085, 162.8)
1 2 Left hand (-15.529, 208.35, 121.881) (-44.3596, 209.046, 162.459)
1 2 Left hand (-14.0329, 206.252, 121.88) (-42.9592, 206.553, 162.396)
1 2 Left hand (-12.1481, 204.106, 121.648) (-41.1114, 204.18, 162.139)
1 2 Left hand (-10.0608, 202.344, 121.275) (-38.9911, 202.471, 161.789)
1 2 Left hand (-7.59569, 199.166, 120.702) (-36.3135, 198.777, 161.364)
1 2 Left hand (-5.35761, 197.402, 120.19) (-33.8873, 197.09, 160.986)
1 2 Left hand (-3.41556, 196.008, 120.123) (-31.7214, 195.854, 161.075)
1 2 Left hand (-1.97359, 194.666, 120.119) (-30.2786, 194.512, 161.072)
1 2 Left hand (-0.198792, 193.151, 119.472) (-28.4858, 193.151, 160.438)
1 2 Left hand (1.44611, 191.68, 119.145) (-26.9267, 191.764, 160.051)
1 2 Left hand (2.47751, 190.52, 118.702) (-26.2063, 190.754, 159.39)
1 2 Left hand (4.00236, 189.279, 118.131) (-24.7812, 189.676, 158.748)
1 2 Left hand (5.21926, 188.304, 117.502) (-23.7442, 188.964, 157.987)
1 2 Left hand (6.75324, 186.499, 117.159) (-22.2164, 186.906, 157.642)
1 2 Left hand (8.75898, 184.961, 116.506) (-19.8381, 185.4, 157.253)
1 2 Left hand (10.0459, 184.267, 114.929) (-18.4544, 185.313, 155.733)
1 2 Left hand (12.3751, 183.626, 111.335) (-15.6783, 185.678, 152.41)
1 2 Left hand (13.8818, 183.001, 108.924) (-13.808, 185.675, 150.209)
1 2 Left hand (14.7091, 181.907, 107.456) (-12.7087, 184.671, 148.917)
1 2 Left hand (15.0688, 180.627, 106.476) (-12.2327, 183.345, 148.016)
1 2 Left hand (15.4217, 179.083, 105.601) (-11.695, 181.618, 147.273)
1 2 Left hand (15.7028, 177.965, 104.786) (-11.2864, 180.46, 146.543)
1 2 Left hand (15.9285, 176.766, 103.469) (-10.9314, 179.259, 145.31)
1 2 Left hand (15.865, 175.907, 101.637) (-11.0125, 178.672, 143.449)
1 2 Left hand (16.1489, 174.423, 99.7156) (-10.4185, 177.149, 141.728)
1 2 Left hand (15.8218, 172.466, 97.9671) (-10.5415, 174.883, 140.127)
1 2 Left hand (16.0293, 171.277, 95.8702) (-9.79215, 174.012, 138.345)
1 2 Left hand (15.9465, 169.914, 93.8594) (-9.38634, 172.894, 136.611)
1 2 Left hand (15.6091, 168.027, 92.3194) (-9.27961, 170.832, 135.343)
1 2 Left hand (15.3102, 166.327, 91.0664) (-9.19136, 168.999, 134.32)
1 2 Left hand (15.0454, 164.736, 89.3352) (-9.11786, 167.339, 132.783)
1 2 Left hand (14.5952, 163.836, 87.6705) (-9.46501, 166.67, 131.161)
1 2 Left hand (14.322, 162.91, 86.1639) (-9.6221, 165.943, 129.705)
1 2 Left hand (14.0448, 161.608, 84.7782) (-9.7704, 164.547, 128.396)
1 2 Left hand (13.7137, 160.355, 83.4619) (-9.99662, 163.372, 127.132)
1 2 Left hand (13.4348, 158.425, 82.1178) (-10.0715, 161.092, 125.921)
1 2 Left hand (13.1042, 156.425, 81.2896) (-10.2121, 158.745, 125.213)
1 2 Left hand (12.6816, 154.711, 80.327) (-10.4846, 156.904, 124.337)
1 2 Left hand (12.4135, 153.136, 79.6992) (-10.5449, 155.221, 123.823)
1 2 Left hand (12.2043, 151.734, 79.146) (-10.5106, 153.913, 123.391)
1 2 Left hand (11.5725, 150.016, 78.4883) (-11.1703, 152.242, 122.717)
1 2 Left hand (11.3312, 148.262, 77.9972) (-11.1783, 150.653, 122.336)
1 2 Left hand (10.8341, 146.732, 77.5687) (-11.6872, 149.231, 121.896)
1 2 Left hand (10.6881, 145.832, 77.5551) (-11.6048, 148.777, 121.97)
1 2 Left hand (10.3554, 144.587, 77.4076) (-11.7972, 147.694, 121.882)
1 2 Left hand (9.983, 143.256, 77.1357) (-12.0455, 146.5, 121.662)
1 2 Left hand (9.56576, 141.487, 76.433) (-12.314, 144.624, 121.04)
1 2 Left hand (9.33811, 140.045, 75.8744) (-12.2523, 143.175, 120.623)
1 2 Left hand (8.89013, 139.012, 75.4145) (-12.5379, 142.19, 120.237)
1 2 Left hand (8.08211, 137.844, 74.9435) (-13.2599, 140.982, 119.81)
1 2 Left hand (7.36014, 137.039, 74.5576) (-13.8165, 140.171, 119.503)
1 2 Left hand (6.62602, 136.473, 74.1698) (-14.3681, 139.627, 119.199)
1 2 Left hand (5.74398, 136.182, 73.7326) (-15.0892, 139.411, 118.831)
1 2 Left hand (2.94045, 136.981, 72.1283) (-17.3708, 140.66, 117.43)
1 2 Left hand (2.34759, 137.349, 71.6069) (-17.7401, 141.216, 116.993)
1 2 Left hand (1.28238, 137.867, 70.9649) (-18.6213, 141.973, 116.411)
1 2 Left hand (0.289275, 138.295, 70.4318) (-19.481, 142.578, 115.92)
1 2 Left hand (-0.49917, 138.63, 70.021) (-20.1479, 143.003, 115.553)
1 2 Left hand (-1.12907, 138.859, 69.7525) (-20.6797, 143.227, 115.327)
1 2 Left hand (-1.65353, 139.459, 69.4536) (-21.1053, 143.978, 115.056)
1 2 Left hand (-1.94411, 139.824, 69.2998) (-21.2984, 144.416, 114.936)
1 2 Left hand (-2.13036, 140.377, 69.1821) (-21.372, 145.136, 114.849)
1 2 Left hand (-2.14111, 140.926, 69.0997) (-21.2169, 145.892, 114.814)
1 2 Left hand (-2.08305, 141.506, 69.0154) (-21.0125, 146.726, 114.762)
1 2 Left hand (-1.98095, 142.1, 68.9072) (-20.8147, 147.562, 114.665)
1 2 Left hand (-1.9517, 142.577, 68.8669) (-20.7839, 148.237, 114.601)
1 2 Left hand (-1.83272, 143.001, 68.8952) (-20.6822, 148.818, 114.603)
1 2 Left hand (-1.97413, 143.426, 69.3538) (-21.0288, 149.301, 114.969)
1 2 Left hand (-1.85052, 144.104, 69.9342) (-21.0022, 150.129, 115.489)
1 2 Left hand (-1.70303, 145.341, 70.8018) (-20.9465, 151.725, 116.269)
1 2 Left hand (-1.68831, 146.699, 72.5586) (-21.176, 153.056, 117.925)
1 2 Left hand (-1.74351, 146.33, 73.8849) (-21.8193, 151.346, 119.163)
1 2 Left hand (-0.765501, 150.578, 78.2624) (-21.4867, 155.812, 123.224)
1 2 Left hand (0.887899, 154.661, 83.564) (-20.8446, 159.137, 128.129)
1 2 Left hand (3.5221, 159.914, 87.8141) (-19.0288, 164.92, 131.913)
1 2 Left hand (5.62574, 164.173, 93.1782) (-18.9373, 168.104, 136.301)
1 2 Left hand (7.77715, 167.309, 95.9242) (-19.2983, 169.725, 137.631)
1 2 Left hand (11.5009, 172.036, 100.773) (-16.8879, 173.374, 141.647)
1 2 Left hand (14.2695, 176.468, 106.892) (-15.6409, 176.76, 146.686)
1 2 Left hand (17.1522, 181.213, 113.309) (-13.9766, 181.606, 152.157)
1 2 Left hand (19.3069, 185.668, 122.626) (-12.3961, 186.072, 161.007)
1 2 Left hand (21.4925, 189.965, 131.051) (-11.0444, 190.536, 168.726)
1 2 Left hand (23.6119, 193.686, 137.405) (-10.6227, 194.24, 173.544)
1 2 Left hand (26.0578, 196.785, 145.063) (-9.11594, 197.325, 180.289)
1 2 Left hand (26.8327, 201.025, 154.303) (-10.0432, 201.867, 187.736)
1 2 Left hand (28.1205, 204.915, 161.753) (-11.1133, 205.032, 192.397)
1 2 Left hand (29.256, 205.907, 168.011) (-12.0225, 204.693, 195.813)
