1 3 Right hand (-22.9003, 162.303, 243.832) (-36.8574, 171.473, 290.73)
1 3 Right hand (-25.7402, 160.878, 242.901) (-40.9027, 169.806, 289.47)
1 3 Right hand (-28.7553, 154.438, 239.997) (-46.357, 160.346, 286.188)
1 3 Right hand (-27.1787, 150.679, 236.753) (-44.1773, 153.73, 283.444)
1 3 Right hand (-28.6691, 150.594, 232.856) (-47.1932, 153.712, 278.959)
1 3 Right hand (-31.9056, 145.988, 226.09) (-53.2774, 147.67, 271.021)
1 3 Right hand (-32.7815, 141.699, 220.993) (-55.591, 141.844, 265.243)
1 3 Right hand (-32.0991, 143.521, 216.686) (-54.9765, 144.179, 260.896)
1 3 Right hand (-32.4005, 145.103, 213.36) (-55.6919, 147.005, 257.317)
1 3 Right hand (-31.9885, 149.68, 204.907) (-56.3, 152.699, 248.245)
1 3 Right hand (-32.4334, 150.058, 200.901) (-57.074, 153.869, 243.99)
1 3 Right hand (-31.7024, 149.889, 195.375) (-56.4363, 152.526, 238.499)
1 3 Right hand (-30.9419, 153.498, 191.954) (-54.8556, 157.025, 235.474)
1 3 Right hand (-30.6648, 157.049, 189.135) (-53.8495, 161.671, 232.947)
1 3 Right hand (-32.0196, 158.541, 186.406) (-55.4384, 163.493, 230.056)
1 3 Right hand (-32.8859, 161.049, 182.518) (-55.8257, 166.26, 226.392)
1 3 Right hand (-33.7686, 163.794, 179.59) (-56.4794, 170.258, 223.417)
1 3 Right hand (-31.1791, 165.022, 174.708) (-52.2314, 172.247, 219.238)
1 3 Right hand (-28.0308, 170.575, 168.614) (-46.6994, 180.966, 213.579)
1 3 Right hand (-29.8406, 169.52, 161.717) (-49.6748, 178.763, 206.433)
1 3 Right hand (-32.2685, 167.648, 157.037) (-52.9122, 175.47, 201.658)
1 3 Right hand (-32.2972, 166.164, 147.15) (-52.2889, 171.656, 192.41)
1 3 Right hand (-32.4585, 166.092, 141.868) (-52.0278, 171.127, 187.366)
1 3 Right hand (-31.665, 165.878, 136.617) (-50.5448, 170.177, 182.48)
1 3 Right hand (-31.0395, 166.058, 134.504) (-49.1148, 170.213, 180.703)
1 3 Right hand (-30.8812, 167.338, 131.23) (-48.9064, 172.644, 177.331)
1 3 Right hand (-31.4967, 166.815, 128.936) (-49.7503, 172.427, 174.911)
1 3 Right hand (-31.2301, 165.83, 126.854) (-49.2826, 171.347, 172.919)
1 3 Right hand (-30.6982, 166.828, 122.999) (-48.5509, 173.725, 168.956)
1 3 Right hand (-29.194, 164.299, 119.122) (-46.5616, 170.749, 165.329)
1 3 Right hand (-28.4586, 164.642, 115.347) (-45.5848, 172.386, 161.445)
1 3 Right hand (-28.597, 162.456, 112.025) (-45.7499, 169.761, 158.185)
1 3 Right hand (-28.8413, 162.308, 109.644) (-45.8494, 170.434, 155.72)
1 3 Right hand (-28.6247, 160.169, 106.327) (-45.7892, 168.258, 152.352)
1 3 Right hand (-28.157, 157.65, 103.076) (-45.3531, 165.568, 149.119)
1 3 Right hand (-28.5206, 155.166, 99.9154) (-46.1705, 162.87, 145.823)
1 3 Right hand (-28.7812, 152.081, 96.7051) (-46.8085, 158.914, 142.603)
1 3 Right hand (-28.065, 149.071, 92.5361) (-46.1254, 155.445, 138.487)
1 3 Right hand (-28.8387, 148.615, 89.5408) (-47.3514, 155.841, 135.185)
1 3 Right hand (-27.6979, 146.721, 86.3752) (-45.8692, 154.038, 132.142)
1 3 Right hand (-27.0931, 145.262, 84.0764) (-45.1057, 153.069, 129.825)
1 3 Right hand (-27.4243, 143.797, 80.8251) (-46.0366, 152.265, 126.215)
1 3 Right hand (-27.4751, 141.654, 78.9293) (-46.2301, 150.113, 124.262)
1 3 Right hand (-27.1653, 138.736, 76.1539) (-46.1627, 147.107, 121.402)
1 3 Right hand (-26.6158, 136.638, 74.2556) (-45.4436, 144.927, 119.589)
1 3 Right hand (-25.0843, 134.263, 71.9935) (-43.5731, 142.195, 117.53)
1 3 Right hand (-24.8501, 132.938, 70.5025) (-43.6171, 140.787, 115.94)
1 3 Right hand (-24.4176, 132.176, 69.5385) (-43.2433, 140.116, 114.935)
1 3 Right hand (-23.4347, 131.092, 68.1526) (-42.1952, 138.962, 113.589)
1 3 Right hand (-23.1961, 130.797, 67.1284) (-42.0811, 138.806, 112.489)
1 3 Right hand (-22.1512, 130.84, 65.5971) (-40.7201, 139.309, 111.004)
1 3 Right hand (-19.9678, 131.632, 63.7737) (-37.5096, 140.994, 109.413)
1 3 Right hand (-18.6072, 131.655, 62.6386) (-35.4939, 141.142, 108.499)
1 3 Right hand (-18.6381, 131.969, 61.635) (-35.7755, 141.76, 107.338)
1 3 Right hand (-18.6369, 132.151, 61.0466) (-35.9404, 142.098, 106.653)
1 3 Right hand (-18.3416, 132.001, 60.7248) (-35.5883, 141.898, 106.364)
1 3 Right hand (-18.186, 131.933, 60.4355) (-35.4496, 141.823, 106.07)
1 3 Right hand (-18.0351, 131.91, 60.1506) (-35.3655, 141.83, 105.753)
1 3 Right hand (-17.9571, 131.919, 59.8665) (-35.3889, 141.868, 105.424)
1 3 Right hand (-16.9309, 131.872, 59.4876) (-34.0312, 141.732, 105.19)
1 3 Right hand (-16.3797, 132.001, 59.1171) (-33.4124, 141.918, 104.832)
1 3 Right hand (-16.265, 132.126, 58.8258) (-33.4029, 142.107, 104.488)
1 3 Right hand (-16.0289, 132.033, 58.6784) (-33.1855, 141.948, 104.348)
1 3 Right hand (-15.8308, 131.93, 58.5323) (-33.0243, 141.783, 104.201)
1 3 Right hand (-15.3675, 131.757, 58.3557) (-32.4948, 141.517, 104.069)
1 3 Right hand (-15.3706, 131.717, 58.089) (-32.6572, 141.474, 103.743)
1 3 Right hand (-15.3647, 131.756, 57.8874) (-32.7942, 141.565, 103.476)
1 3 Right hand (-15.2898, 131.771, 57.7938) (-32.78, 141.587, 103.358)
1 3 Right hand (-15.3002, 131.778, 57.7147) (-32.8798, 141.575, 103.248)
1 3 Right hand (-15.2684, 131.722, 57.5603) (-32.9616, 141.349, 103.086)
1 3 Right hand (-15.2275, 131.749, 57.4991) (-32.9788, 141.281, 103.022)
1 3 Right hand (-15.2231, 131.89, 57.4123) (-33.1012, 141.321, 102.907)
1 3 Right hand (-15.3945, 132.454, 57.1615) (-33.7071, 141.86, 102.488)
1 3 Right hand (-15.3769, 133.131, 57.0711) (-34.1219, 142.591, 102.21)
1 3 Right hand (-14.8338, 134.197, 57.6447) (-33.8663, 143.397, 102.716)
1 3 Right hand (-13.6593, 136.324, 59.563) (-32.908, 145.442, 104.559)
1 3 Right hand (-12.9793, 138.443, 62.0496) (-32.6445, 147.332, 106.911)
1 3 Right hand (-13.0516, 141.686, 66.1842) (-33.5407, 151.247, 110.536)
1 3 Right hand (-12.038, 143.566, 68.9966) (-33.1872, 153.587, 112.935)
1 3 Right hand (-12.2005, 147.878, 74.461) (-34.8776, 159.841, 117.134)
1 3 Right hand (-11.9375, 152.35, 82.4514) (-35.337, 165.701, 124.315)
1 3 Right hand (-10.4598, 155.314, 88.0711) (-34.5499, 169.831, 129.147)
1 3 Right hand (-7.48428, 155.71, 93.8751) (-31.6875, 169.736, 135.055)
1 3 Right hand (-5.86089, 157.953, 98.2061) (-31.0562, 172.661, 138.545)
1 3 Right hand (-4.99591, 158.222, 106.17) (-30.9156, 171.391, 146.582)
1 3 Right hand (-3.7493, 159.353, 115.349) (-30.0887, 172.176, 155.6)
1 3 Right hand (-2.86578, 158.087, 121.369) (-30.5537, 168.876, 161.31)
1 3 Right hand (-2.14323, 159.96, 132.05) (-30.2545, 170.746, 171.695)
1 3 Right hand (-2.66969, 161.67, 140.437) (-31.98, 171.881, 179.36)
1 3 Right hand (-3.36557, 162.761, 147.063) (-33.9145, 173.949, 184.745)
1 3 Right hand (-2.0698, 164.175, 153.571) (-33.1673, 175.884, 190.641)
1 3 Right hand (-0.500231, 164.512, 156.753) (-32.3908, 176.698, 192.986)
1 3 Right hand (8.39793, 168.55, 170.885) (-20.5278, 182.957, 208.754)
1 3 Right hand (8.12217, 181.857, 190.803) (-8.75119, 171.596, 236.501)
1 3 Right hand (8.71146, 171.917, 193.942) (-3.16785, 157.239, 240.005)
1 3 Right hand (10.0872, 171.63, 195.847) (-1.85365, 160.199, 242.805)
1 5 Right hand (12.7374, 168.821, 198.733) (1.2976, 155.478, 245.31)
1 5 Right hand (15.3634, 168.958, 199.83) (2.47557, 156.697, 246.326)
1 5 Right hand (17.1329, 168.731, 201.084) (3.33734, 157.328, 247.538)
1 5 Right hand (27.9029, 174.106, 206.926) (18.2684, 170.655, 255.646)
1 4 Right hand (33.0744, 175.701, 208.203) (25.0993, 174.752, 257.334)
1 4 Right hand (40.8219, 178.606, 211.041) (30.3369, 188.627, 258.665)
1 4 Right hand (42.3797, 178.578, 212.204) (31.1966, 187.559, 259.877)
1 4 Right hand (44.7383, 180.169, 212.202) (34.0524, 189.96, 259.828)
1 4 Right hand (47.6859, 181.03, 211.589) (37.6125, 190.743, 259.365)
1 4 Right hand (49.2072, 181.532, 211.293) (40.3364, 190.254, 259.496)
1 4 Right hand (50.9684, 182.423, 211.31) (42.2431, 192.726, 259.227)
1 4 Right hand (52.1569, 183.729, 210.921) (42.9384, 195.344, 258.445)
1 4 Right hand (55.2762, 184.079, 211.138) (47.5378, 197.116, 258.556)
1 4 Right hand (55.2078, 183.947, 210.896) (46.7975, 196.159, 258.42)
1 4 Right hand (56.5568, 184.728, 209.178) (48.2921, 196.341, 256.877)
1 4 Right hand (56.8664, 185.014, 208.265) (47.8693, 196.742, 255.802)
1 4 Right hand (57.1251, 185.599, 206.83) (47.456, 196.818, 254.359)
1 3 Right hand (58.0561, 186.181, 203.454) (50.2148, 193.573, 252.057)
1 3 Right hand (58.8405, 187.507, 199.768) (50.5545, 192.23, 248.628)
1 3 Right hand (61.4562, 189.463, 193.595) (51.075, 196.919, 241.71)
1 3 Left hand (14.2356, 179.244, 229.749) (-27.1158, 172.819, 256.714)
1 3 Left hand (14.5173, 180.074, 229.53) (-26.5675, 173.982, 256.975)
1 3 Left hand (14.7595, 179.154, 228.587) (-25.9683, 172.529, 256.439)
1 3 Left hand (16.2254, 181.132, 225.382) (-23.786, 175.248, 254.413)
1 3 Left hand (15.0675, 183.706, 220.691) (-25.0487, 178.36, 249.681)
1 3 Left hand (14.7397, 183.226, 215.101) (-25.4659, 176.695, 243.722)
1 3 Left hand (16.1774, 183.208, 209.183) (-23.648, 176.022, 238.176)
1 3 Left hand (15.3701, 182.574, 204.393) (-24.2973, 174.744, 233.436)
1 3 Left hand (19.1977, 188.739, 194.213) (-20.5637, 186.515, 224.086)
1 3 Left hand (21.5053, 184.305, 189.461) (-16.9038, 180.236, 220.87)
1 3 Left hand (21.6759, 184.099, 187.867) (-15.8558, 179.909, 220.304)
1 3 Left hand (21.0667, 186.962, 185.204) (-16.145, 183.896, 218.131)
1 3 Left hand (22.4459, 191.417, 181.657) (-13.3216, 190.61, 216.274)
1 3 Left hand (21.8771, 193.906, 177.921) (-13.1945, 194.671, 213.245)
1 3 Left hand (20.5025, 187.724, 170.867) (-14.0202, 186.463, 206.712)
1 3 Left hand (22.1543, 191.115, 165.998) (-10.9402, 192.171, 203.173)
1 3 Left hand (20.299, 187.137, 158.074) (-12.0558, 188.054, 195.898)
1 3 Left hand (18.0113, 184.839, 149.416) (-12.8976, 188.365, 188.282)
1 3 Left hand (17.2164, 180.094, 130.553) (-13.2689, 181.573, 169.882)
1 3 Left hand (13.0521, 174.649, 127.276) (-16.9333, 174.77, 167.015)
1 3 Left hand (10.0535, 170.744, 125.674) (-18.7339, 171.036, 166.288)
1 3 Left hand (9.26273, 168.554, 122.231) (-18.8241, 169.522, 163.322)
1 3 Left hand (8.32623, 165.675, 117.282) (-19.1098, 167.425, 158.786)
1 3 Left hand (7.05911, 163.277, 113.045) (-20.1173, 165.717, 154.684)
1 3 Left hand (6.42937, 160.597, 109.125) (-20.3542, 163.564, 150.984)
1 3 Left hand (5.26809, 157.704, 105.55) (-21.4495, 161.029, 147.424)
1 3 Left hand (4.75698, 155.513, 102.391) (-21.602, 159.606, 144.424)
1 3 Left hand (4.08911, 152.774, 99.555) (-21.991, 157.289, 141.719)
1 3 Left hand (3.088, 149.234, 96.6318) (-22.816, 153.747, 138.904)
1 3 Left hand (2.19345, 146.485, 93.9574) (-23.5685, 151.351, 136.277)
1 3 Left hand (1.95169, 144.427, 91.5652) (-23.5123, 149.739, 134.012)
1 3 Left hand (1.5654, 142.827, 89.4996) (-23.7067, 148.785, 131.975)
1 3 Left hand (0.836366, 139.681, 87.2226) (-24.4546, 145.436, 129.715)
1 3 Left hand (0.364607, 136.504, 84.5251) (-24.8241, 142.155, 127.092)
1 3 Left hand (-0.35146, 134.534, 82.526) (-25.5119, 140.392, 125.082)
1 3 Left hand (-1.07728, 133.687, 81.4645) (-26.1932, 139.928, 123.992)
1 3 Left hand (-2.00808, 131.315, 79.7289) (-27.1671, 137.347, 122.261)
1 3 Left hand (-2.78241, 129.269, 77.4356) (-28.0527, 135.303, 119.901)
1 3 Left hand (-3.27411, 126.642, 75.2232) (-28.6017, 132, 117.745)
1 3 Left hand (-3.40605, 124.337, 73.586) (-28.5051, 129.17, 116.306)
1 3 Left hand (-3.58548, 122.778, 72.1787) (-28.5134, 127.38, 115.024)
1 3 Left hand (-4.22542, 121.185, 70.8081) (-29.2106, 125.523, 113.648)
1 3 Left hand (-4.72126, 119.88, 69.7162) (-29.6494, 124.012, 112.61)
1 3 Left hand (-4.94917, 119.1, 69.0373) (-29.7134, 123.128, 112.036)
1 3 Left hand (-5.07529, 118.577, 68.2309) (-29.7057, 122.704, 111.296)
1 3 Left hand (-5.27471, 117.968, 67.5979) (-29.8289, 122.082, 110.708)
1 3 Left hand (-5.34621, 116.882, 66.8333) (-29.8378, 120.667, 110.009)
1 3 Left hand (-5.43748, 116.277, 66.2852) (-29.9408, 119.902, 109.468)
1 3 Left hand (-5.42525, 116.002, 66.0012) (-29.9324, 119.572, 109.187)
1 3 Left hand (-5.38925, 115.93, 65.8538) (-29.9155, 119.507, 109.028)
1 3 Left hand (-5.38177, 115.949, 65.7354) (-29.9523, 119.564, 108.881)
1 3 Left hand (-5.32489, 116.126, 65.6268) (-29.9459, 119.861, 108.734)
1 3 Left hand (-5.25054, 116.404, 65.5344) (-29.9365, 120.301, 108.59)
1 3 Left hand (-5.02123, 117.269, 65.493) (-29.7729, 121.584, 108.471)
1 3 Left hand (-4.81163, 118.908, 65.9772) (-29.6311, 123.735, 108.861)
1 3 Left hand (-4.55164, 121.619, 67.1344) (-29.4219, 127.068, 109.914)
1 3 Left hand (-4.13088, 124.409, 68.7861) (-28.9325, 130.394, 111.534)
1 3 Left hand (-3.78053, 127.252, 70.3544) (-28.6038, 133.658, 113.029)
1 3 Left hand (-3.32545, 129.616, 71.7974) (-28.1362, 136.242, 114.445)
1 3 Left hand (-3.03999, 132.338, 73.8905) (-27.9294, 139.006, 116.486)
1 3 Left hand (-2.80109, 135.057, 76.0833) (-27.7995, 141.635, 118.629)
1 3 Left hand (-2.67346, 137.883, 78.264) (-27.9292, 144.438, 120.661)
1 3 Left hand (-2.66133, 140.5, 80.0283) (-28.2734, 147.036, 122.214)
1 3 Left hand (-2.51736, 143.368, 82.664) (-28.4176, 149.795, 124.69)
1 3 Left hand (-2.71395, 146.195, 85.539) (-29.0007, 152.637, 127.322)
1 3 Left hand (-2.49727, 149.235, 88.7354) (-28.9815, 155.831, 130.37)
1 3 Left hand (-3.33603, 151.701, 92.502) (-30.3178, 157.965, 133.867)
1 3 Left hand (-4.0254, 154.53, 96.5061) (-31.2289, 160.875, 137.714)
1 3 Left hand (-4.70703, 156.2, 98.531) (-32.1405, 162.535, 139.587)
1 3 Left hand (-7.01697, 157.607, 101.46) (-35.0328, 163.434, 142.197)
1 3 Left hand (-9.1484, 159.993, 104.672) (-37.1914, 165.739, 145.401)
1 3 Left hand (-11.365, 162.214, 107.727) (-39.025, 167.805, 148.739)
1 3 Left hand (-15.2171, 163.513, 111.258) (-42.6879, 168.317, 152.496)
1 3 Left hand (-19.7694, 166.821, 114.433) (-46.799, 172.23, 155.887)
1 3 Left hand (-24.6055, 170.814, 117.322) (-50.8337, 177.139, 159.16)
1 3 Left hand (-29.4814, 172.987, 119.119) (-54.8324, 179.612, 161.449)
1 3 Left hand (-33.7664, 173.845, 120.091) (-58.2352, 180.124, 162.989)
1 3 Left hand (-38.6103, 174.495, 119.574) (-62.5987, 180.604, 162.766)
1 3 Left hand (-43.596, 175.082, 118.64) (-67.1742, 181.158, 162.062)
1 3 Left hand (-48.2065, 175.943, 117.303) (-71.3269, 182.325, 160.927)
1 3 Left hand (-52.2164, 176.476, 115.787) (-75.1036, 183.112, 159.496)
1 3 Left hand (-55.0569, 176.805, 114.53) (-77.4036, 183.753, 158.469)
1 3 Left hand (-57.5928, 177.509, 113.28) (-79.6501, 185.038, 157.27)
1 3 Left hand (-59.4073, 179.498, 112.279) (-80.9359, 188.585, 156.237)
1 3 Left hand (-61.0321, 180.323, 111.332) (-82.5548, 190.242, 155.113)
1 3 Left hand (-61.3356, 181.165, 110.568) (-82.7907, 191.972, 154.172)
1 3 Left hand (-61.5468, 182.54, 108.973) (-83.5238, 195.094, 151.842)
1 3 Left hand (-61.1782, 183.062, 107.702) (-83.911, 196.923, 149.767)
1 3 Left hand (-61.0562, 183.892, 105.798) (-85.4705, 199.345, 146.338)
1 3 Left hand (-59.0602, 187.503, 102.816) (-85.0352, 206.693, 140.702)
1 3 Left hand (-56.6708, 188.672, 100.601) (-83.8093, 209.908, 136.529)
1 3 Left hand (-55.8389, 188.669, 100.048) (-83.838, 210.486, 134.954)
1 3 Left hand (-54.0384, 188.542, 99.0193) (-82.5566, 210.987, 133.097)
1 3 Left hand (-51.8551, 189.798, 96.6052) (-80.8242, 213.998, 129.063)
1 3 Left hand (-50.289, 189.237, 94.9941) (-79.4071, 214.344, 126.619)
1 3 Left hand (-47.9814, 189.133, 93.1661) (-76.8371, 215.253, 124.205)
1 3 Left hand (-46.3567, 187.472, 91.8012) (-75.3456, 213.694, 122.63)
1 3 Left hand (-44.2196, 187.261, 88.8711) (-73.2744, 214.458, 118.779)
1 3 Left hand (-42.9458, 187.653, 86.6807) (-72.2309, 215.694, 115.567)
1 3 Left hand (-41.0517, 187.123, 84.1895) (-70.4904, 215.724, 112.362)
1 3 Left hand (-39.3244, 186.099, 82.2771) (-68.8966, 214.91, 110.093)
1 3 Left hand (-38.6776, 185.335, 81.5471) (-68.4812, 214.041, 109.224)
1 3 Left hand (-37.7561, 184.856, 80.7986) (-67.6506, 213.547, 108.393)
1 3 Left hand (-35.2678, 184.798, 79.3117) (-64.6734, 214.133, 106.755)
1 3 Left hand (-33.53, 185.251, 77.4798) (-62.7575, 215.397, 104.225)
1 3 Left hand (-31.5798, 184.916, 75.606) (-60.5576, 215.836, 101.732)
1 3 Left hand (-30.9257, 184.415, 74.9872) (-60.0299, 215.444, 100.843)
1 3 Left hand (-28.1665, 184.377, 74.2646) (-56.466, 216.158, 100.1)
1 3 Left hand (-26.7964, 182.137, 73.4571) (-54.9941, 213.638, 99.7414)
1 3 Left hand (-24.0532, 181.584, 71.9024) (-51.526, 213.66, 98.2595)
1 3 Left hand (-22.8149, 181.335, 71.2006) (-49.9554, 213.662, 97.5961)
1 3 Left hand (-22.3405, 181.239, 70.9318) (-49.3529, 213.66, 97.3428)
1 3 Left hand (-21.8361, 181.463, 70.2054) (-48.7993, 214.178, 96.3016)
1 3 Left hand (-18.8099, 181.543, 68.6423) (-44.6762, 215.258, 94.5759)
1 3 Left hand (-17.4536, 179.96, 68.1534) (-43.1177, 213.621, 94.3568)
1 3 Left hand (-18.3042, 175.359, 68.4595) (-45.645, 207.059, 95.4032)
1 3 Left hand (-18.0099, 172.606, 69.2788) (-45.8936, 203.091, 97.0543)
1 3 Left hand (-17.724, 172.412, 69.1203) (-45.6374, 202.913, 96.8482)
1 3 Left hand (-17.6473, 172.403, 68.9616) (-45.5865, 202.952, 96.6117)
1 3 Left hand (-17.5912, 172.397, 68.8452) (-45.5494, 202.979, 96.4383)
1 3 Left hand (-17.443, 172.324, 68.7987) (-45.3181, 202.913, 96.4684)
1 3 Left hand (-17.2869, 172.241, 68.7626) (-44.9621, 202.855, 96.6051)
1 3 Left hand (-17.1663, 172.451, 68.6039) (-44.5151, 203.219, 96.5986)
1 3 Left hand (-17.206, 172.876, 68.3425) (-44.1178, 203.866, 96.5156)
1 3 Left hand (-17.5843, 173.785, 67.9573) (-43.9287, 205.062, 96.3487)
1 3 Left hand (-18.2927, 175.321, 67.563) (-44.0187, 206.976, 96.1026)
1 3 Left hand (-19.1499, 177.219, 67.212) (-44.3608, 209.265, 95.774)
1 3 Left hand (-20.1759, 179.527, 67.649) (-44.9182, 211.778, 96.3898)
1 3 Left hand (-21.0091, 181.757, 68.1778) (-45.3595, 214.192, 97.0456)
1 3 Left hand (-22.315, 183.876, 69.5877) (-46.5166, 216.132, 98.7798)
1 3 Left hand (-23.0908, 186.269, 71.0312) (-47.0164, 218.461, 100.52)
1 3 Left hand (-24.6234, 188.65, 73.835) (-48.7276, 220.188, 103.88)
1 3 Left hand (-25.4772, 191.641, 75.558) (-49.4941, 223.204, 105.646)
1 3 Left hand (-26.6682, 194.101, 77.5865) (-50.8609, 225.225, 107.99)
1 3 Left hand (-27.6569, 197.138, 79.5736) (-51.8477, 228.169, 110.073)
1 3 Left hand (-29.207, 198.103, 82.7765) (-54.0401, 227.656, 114.213)
1 3 Left hand (-29.6563, 198.704, 84.4456) (-54.6374, 227.533, 116.433)
1 3 Left hand (-30.5363, 201.555, 87.764) (-55.7661, 229.57, 120.275)
1 3 Left hand (-31.0536, 204.718, 91.47) (-56.6622, 231.727, 124.531)
1 3 Left hand (-31.2296, 205.794, 92.7311) (-56.9613, 232.458, 125.976)
1 3 Left hand (-31.1406, 206.903, 93.5826) (-57.1414, 233.388, 126.761)
1 3 Left hand (-30.6793, 211.018, 97.4681) (-56.0346, 237.661, 131.018)
1 3 Left hand (-30.7014, 213.125, 102.064) (-56.0528, 238.597, 136.514)
1 3 Left hand (-30.881, 213.768, 104.05) (-57.1036, 238.355, 138.491)
1 3 Left hand (-30.2848, 214.33, 105.197) (-56.6876, 238.695, 139.658)
1 3 Left hand (-29.3943, 214.871, 106.939) (-56.0724, 238.401, 141.766)
1 3 Left hand (-28.669, 216.625, 108.755) (-56.0441, 239.523, 143.462)
1 3 Left hand (-27.2525, 218.275, 111.508) (-54.6799, 240.47, 146.628)
1 3 Left hand (-26.8996, 220.299, 118.645) (-53.9175, 240.614, 155.191)
1 3 Left hand (-26.4361, 223.409, 123.787) (-53.7255, 242.667, 160.703)
1 3 Left hand (-26.8904, 224.903, 128.786) (-54.3655, 242.542, 166.367)
1 3 Left hand (-27.6026, 227.031, 133.048) (-55.0678, 243.701, 171.076)
1 3 Left hand (-27.4647, 227.79, 135.069) (-54.8168, 243.891, 173.422)
1 3 Left hand (-26.8825, 229.359, 138.009) (-54.1388, 244.759, 176.716)
1 3 Left hand (-27.0121, 231.928, 142.662) (-54.6226, 246.671, 181.374)
1 3 Left hand (-24.7159, 234.25, 146.372) (-52.2397, 248.048, 185.492)
1 3 Left hand (-22.8, 235.875, 150.608) (-50.0046, 248.869, 190.223)
1 3 Left hand (-21.9844, 236.22, 155.062) (-49.3183, 248.682, 194.76)
1 3 Left hand (-20.7128, 235.688, 159.113) (-48.4461, 247.134, 198.84)
1 3 Left hand (-19.55, 233.107, 163.996) (-47.9061, 242.036, 203.928)
1 3 Left hand (-19.0687, 231.326, 168.629) (-47.7783, 238.777, 208.611)
1 3 Left hand (-18.704, 231.095, 169.95) (-47.7313, 238.299, 209.748)
1 3 Left hand (-18.2419, 230.95, 171.156) (-47.3875, 237.886, 210.915)
1 3 Left hand (-17.4748, 230.949, 172.421) (-46.8666, 237.86, 212.003)
1 3 Left hand (-17.155, 230.158, 174.216) (-47.0255, 236.897, 213.468)
1 3 Left hand (-16.5979, 228.008, 177.207) (-46.3352, 234.314, 216.631)
1 3 Left hand (-16.1572, 226.705, 178.856) (-45.8807, 233.358, 218.234)
1 3 Left hand (-15.4149, 225.224, 179.967) (-45.0962, 231.947, 219.364)
1 3 Left hand (-14.9495, 222.909, 181.075) (-44.7348, 229.754, 220.372)
1 3 Left hand (-14.7525, 220.686, 181.847) (-44.3966, 227.931, 221.18)
1 3 Left hand (-14.4994, 219.153, 181.863) (-44.1344, 226.841, 221.119)
1 3 Left hand (-14.1245, 215.574, 181.016) (-43.6453, 223.044, 220.4)
1 3 Left hand (-14.2738, 212.494, 179.719) (-43.4656, 219.946, 219.35)
1 3 Left hand (-14.5983, 210.234, 178.553) (-43.3451, 218.087, 218.431)
1 3 Left hand (-14.8031, 209.049, 177.534) (-43.0829, 217.574, 217.608)
1 3 Left hand (-14.9145, 206.98, 175.354) (-42.8429, 216.083, 215.547)
1 3 Left hand (-15.1728, 203.49, 172.902) (-42.585, 212.651, 213.436)
1 3 Left hand (-18.4606, 195.512, 170.617) (-45.7708, 203.312, 211.503)
1 3 Left hand (-17.676, 193.981, 166.909) (-44.2203, 202.365, 208.182)
1 3 Left hand (-17.2853, 192.701, 161.677) (-42.7869, 203.345, 203.086)
1 3 Left hand (-17.2578, 189.103, 158.127) (-42.2501, 199.785, 199.836)
1 3 Left hand (-17.4337, 185.228, 153.33) (-42.2541, 196.1, 195.092)
1 3 Left hand (-17.8166, 181.812, 150.197) (-42.7083, 192.867, 191.869)
1 3 Left hand (-17.0111, 179.74, 148.201) (-41.2192, 191.541, 190.07)
1 3 Left hand (-15.623, 177.606, 145.021) (-38.6422, 191.501, 186.918)
1 3 Left hand (-15.6318, 175.311, 143.375) (-38.0751, 190.606, 185.097)
1 3 Left hand (-17.6811, 171.197, 140.658) (-41.0248, 187.362, 181.549)
1 3 Left hand (-16.6479, 167.052, 134.566) (-39.654, 184.224, 175.238)
1 3 Left hand (-15.768, 162.727, 130.562) (-38.2612, 180.077, 171.445)
1 3 Left hand (-14.8463, 160.238, 127.862) (-36.7316, 178.203, 168.809)
1 3 Left hand (-16.2188, 154.162, 124.07) (-38.6069, 171.019, 165.216)
1 3 Left hand (-15.163, 150.535, 122.702) (-36.8629, 167.388, 164.216)
1 3 Left hand (-14.2543, 149.557, 121.884) (-35.3214, 167.162, 163.412)
1 3 Left hand (-14.1536, 147.407, 120.346) (-35.0056, 165.288, 161.864)
1 3 Left hand (-14.1018, 144.953, 118.796) (-34.7434, 163.031, 160.335)
1 3 Left hand (-16.2092, 139.076, 116.547) (-37.6072, 155.608, 158.346)
1 3 Left hand (-14.9541, 138.276, 115.504) (-35.4463, 155.681, 157.402)
1 3 Left hand (-14.3765, 136.884, 114.509) (-34.3639, 154.779, 156.445)
1 3 Left hand (-14.1787, 134.666, 113.624) (-33.9101, 152.646, 155.645)
1 3 Left hand (-13.7929, 133.491, 112.334) (-33.2481, 152.025, 154.242)
1 3 Left hand (-13.52, 131.962, 111.545) (-32.7142, 150.687, 153.489)
1 3 Left hand (-13.6076, 130.705, 110.293) (-32.6322, 149.964, 152.072)
1 3 Left hand (-13.6422, 129.278, 109.036) (-32.453, 149.032, 150.681)
1 3 Left hand (-13.8245, 128.121, 108.213) (-32.5212, 148.285, 149.712)
1 3 Left hand (-13.623, 126.179, 107.518) (-32.2596, 146.261, 149.085)
1 3 Left hand (-13.4617, 125.425, 107.076) (-31.9749, 145.795, 148.556)
1 3 Left hand (-13.152, 124.837, 106.741) (-31.6063, 145.379, 148.164)
1 3 Left hand (-13.0499, 124.517, 106.312) (-31.5305, 145.238, 147.633)
1 3 Left hand (-12.9945, 124.046, 105.489) (-31.4695, 144.984, 146.703)
1 3 Left hand (-13.0816, 123.753, 104.929) (-31.4679, 144.927, 146.062)
1 3 Left hand (-13.1041, 123.52, 104.496) (-31.4164, 144.886, 145.563)
1 3 Left hand (-13.0697, 123.464, 103.923) (-31.3277, 145.119, 144.863)
1 3 Left hand (-12.9162, 123.429, 103.379) (-31.0476, 145.38, 144.217)
1 3 Left hand (-12.8544, 123.223, 102.836) (-30.952, 145.324, 143.608)
1 3 Left hand (-12.4357, 122.901, 101.936) (-30.436, 145.125, 142.684)
1 3 Left hand (-12.0535, 122.853, 100.792) (-30.1189, 145.286, 141.397)
1 3 Left hand (-11.7018, 122.904, 100.042) (-29.82, 145.53, 140.515)
1 3 Left hand (-11.2335, 123.049, 99.3102) (-29.307, 145.896, 139.68)
1 3 Left hand (-10.7881, 123.113, 98.09) (-28.9522, 146.142, 138.316)
1 3 Left hand (-10.5384, 123.155, 97.301) (-28.6541, 146.318, 137.471)
1 3 Left hand (-10.5221, 122.418, 97.0642) (-28.6217, 145.268, 137.42)
1 3 Left hand (-10.4086, 122.499, 96.3555) (-28.5029, 145.484, 136.637)
1 3 Left hand (-10.2216, 122.648, 95.7717) (-28.3014, 145.771, 135.981)
1 3 Left hand (-10.0471, 122.854, 95.316) (-28.1315, 146.121, 135.44)
1 3 Left hand (-9.79738, 123.227, 94.8749) (-27.9171, 146.702, 134.862)
1 3 Left hand (-9.63511, 123.553, 94.4915) (-27.8454, 147.168, 134.354)
1 3 Left hand (-9.54089, 123.99, 94.1608) (-27.904, 147.757, 133.863)
1 3 Left hand (-9.09683, 124.952, 93.7541) (-27.7305, 148.947, 133.192)
1 3 Left hand (-8.39632, 127.39, 93.8012) (-27.122, 152.128, 132.733)
1 3 Left hand (-7.16323, 130.768, 95.733) (-26.7169, 155.779, 134.079)
1 3 Left hand (-5.74251, 134.643, 99.2691) (-26.8012, 159.979, 136.592)
1 3 Left hand (-3.49701, 139.583, 105.351) (-25.6404, 165.786, 141.426)
1 3 Left hand (-2.40105, 143.233, 113.147) (-26.1984, 169.736, 147.927)
1 3 Left hand (0.998776, 146.166, 121.758) (-24.9798, 172.505, 155.07)
1 3 Left hand (5.89763, 148.41, 127.784) (-21.6606, 175.349, 159.299)
1 3 Left hand (11.7389, 151.549, 134.457) (-16.734, 181.157, 162.58)
1 3 Left hand (19.3163, 151.456, 143.167) (-5.34139, 184.304, 171.298)
 1 3 Left hand (41.9061, 205.104, 242.274) (53.9769, 198.18, 291.522)
1 3 Left hand (43.3768, 206.204, 241.671) (56.0669, 199.579, 290.805)
1 3 Left hand (43.5486, 208.651, 240.995) (56.0437, 203.408, 290.346)
1 3 Left hand (43.143, 210.105, 237.739) (55.5371, 205.5, 287.178)
1 3 Left hand (44.3503, 210.577, 231.859) (58.0747, 206.37, 280.981)
1 3 Left hand (43.7353, 210.957, 228.661) (57.4446, 207.541, 277.849)
1 3 Left hand (42.6294, 212.018, 226.457) (56.196, 209.732, 275.75)
1 3 Left hand (41.5498, 215.177, 225.867) (54.5718, 215.605, 275.357)
1 3 Left hand (41.1666, 213.066, 221.991) (54.7935, 212.593, 271.317)
1 3 Left hand (41.3658, 208.687, 215.023) (56.5537, 206.914, 263.862)
1 3 Left hand (40.7519, 205.41, 211.766) (56.4782, 202.222, 260.362)
1 3 Left hand (37.9738, 207.51, 210.732) (52.5384, 205.812, 259.763)
1 3 Left hand (36.949, 208.491, 209.383) (51.5191, 207.858, 258.438)
1 3 Left hand (36.5592, 208.563, 208.353) (51.1307, 208.222, 257.411)
1 3 Left hand (35.1898, 206.535, 201.532) (50.6615, 205.752, 250.308)
1 3 Left hand (32.989, 204.813, 196.251) (48.4065, 203.305, 245.027)
1 3 Left hand (31.993, 202.949, 192.771) (47.5192, 201.469, 241.513)
1 3 Left hand (31.9242, 201.55, 191.305) (47.6222, 199.82, 239.984)
1 3 Left hand (31.615, 201.617, 190.744) (47.1321, 200.439, 239.497)
1 3 Left hand (31.5408, 201.628, 190.407) (47.0115, 200.713, 239.181)
1 3 Left hand (31.399, 201.11, 189.954) (46.7302, 200.176, 238.771)
1 3 Left hand (30.6246, 201.849, 187.294) (45.5744, 202.172, 236.237)
1 3 Left hand (29.7074, 200.727, 184.322) (44.1312, 201.997, 233.408)
1 3 Left hand (29.003, 200.373, 181.546) (43.1084, 202.093, 230.711)
1 3 Left hand (28.3358, 199.185, 178.119) (42.1333, 200.826, 227.374)
1 3 Left hand (28.5505, 199.128, 173.599) (42.8561, 201.799, 222.663)
1 3 Left hand (27.4978, 198.26, 171.406) (41.0522, 200.643, 220.698)
1 3 Left hand (26.7656, 197.35, 170.333) (39.6068, 199.391, 219.831)
1 3 Left hand (27.6637, 195.676, 168.838) (40.6409, 197.209, 218.319)
1 3 Left hand (28.5626, 191.918, 166.449) (41.4388, 193.712, 215.947)
1 3 Left hand (29.1313, 188.453, 162.112) (41.9475, 189.109, 211.654)
1 3 Left hand (29.142, 184.674, 154.28) (41.9569, 183.865, 203.82)
1 3 Left hand (28.5603, 182.435, 149.461) (40.7342, 181.342, 199.157)
1 3 Left hand (28.7388, 182.118, 147.229) (40.6666, 181.328, 196.99)
1 3 Left hand (29.5119, 181.76, 144.841) (41.7234, 181.254, 194.537)
1 3 Left hand (29.6219, 181.901, 142.346) (41.7415, 182.059, 192.067)
1 3 Left hand (27.8961, 182.072, 137.993) (39.1018, 183.946, 187.893)
1 3 Left hand (26.7621, 181.969, 135.078) (37.1528, 184.51, 185.125)
1 3 Left hand (26.543, 180.799, 132.937) (36.7717, 183.487, 183.009)
1 3 Left hand (24.8399, 181.037, 127.666) (34.4942, 184.961, 177.77)
1 3 Left hand (24.1187, 180.726, 125.381) (33.4487, 184.955, 175.522)
1 3 Left hand (24.4304, 177.41, 120.076) (34.5535, 181.087, 170.107)
1 3 Left hand (23.6896, 175.057, 116.252) (33.4144, 178.077, 166.405)
1 3 Left hand (24.079, 172.29, 111.982) (34.0527, 174.499, 162.129)
1 3 Left hand (21.8967, 172.724, 107.361) (30.8278, 176.482, 157.612)
1 3 Left hand (22.8324, 171.286, 104.292) (32.2867, 175.51, 154.41)
1 3 Left hand (22.1533, 171.443, 100.207) (31.2909, 177.109, 150.241)
1 3 Left hand (21.6274, 171.971, 97.218) (30.1677, 179.471, 147.117)
1 3 Left hand (21.7886, 171.639, 95.5166) (29.9575, 179.621, 145.403)
1 3 Left hand (22.7417, 169.323, 91.6345) (30.9338, 176.953, 141.572)
1 3 Left hand (22.8369, 165.525, 85.4946) (31.0459, 172.602, 135.51)
1 3 Left hand (23.2101, 164.883, 82.1702) (31.4392, 172.708, 132.071)
1 3 Left hand (21.7828, 164.688, 78.9729) (29.1546, 173.584, 128.829)
1 3 Left hand (21.3244, 162.25, 76.0526) (28.438, 171.024, 125.967)
1 3 Left hand (21.8924, 161.533, 74.0939) (29.1987, 170.739, 123.903)
1 3 Left hand (22.1908, 161.253, 72.9596) (29.4662, 171.18, 122.634)
1 3 Left hand (22.7948, 160.208, 70.7003) (30.3975, 170.68, 120.214)
1 3 Left hand (22.494, 157.359, 68.1) (30.0331, 167.356, 117.721)
1 3 Left hand (22.2221, 156.424, 66.4797) (29.6443, 166.746, 116.052)
1 3 Left hand (21.5254, 155.587, 64.3508) (28.7109, 166.079, 113.922)
1 3 Left hand (21.3187, 154.095, 62.7746) (28.5478, 164.165, 112.427)
1 3 Left hand (22.1653, 153.04, 61.3797) (30.1051, 162.798, 110.986)
1 3 Left hand (22.7628, 152.604, 60.6587) (31.2385, 162.273, 110.194)
1 3 Left hand (22.5582, 152.192, 60.7043) (30.9956, 161.652, 110.286)
1 3 Left hand (22.3535, 151.931, 60.9845) (30.7747, 161.177, 110.61)
1 3 Left hand (22.3915, 151.861, 61.1016) (30.9296, 161.021, 110.723)
1 3 Left hand (22.378, 151.924, 61.2363) (31.0477, 161.05, 110.841)
1 3 Left hand (22.2654, 152.438, 61.6768) (31.2943, 161.517, 111.226)
1 3 Left hand (21.9143, 154.671, 63.1403) (31.5287, 163.938, 112.544)
1 3 Left hand (21.405, 156.617, 64.9122) (31.6869, 165.62, 114.23)
1 3 Left hand (20.2976, 158.535, 66.3726) (30.9729, 167.637, 115.589)
1 3 Left hand (18.7135, 163.723, 72.2484) (29.5313, 173.067, 121.388)
1 3 Left hand (16.8672, 168.399, 76.4277) (28.2474, 178.268, 125.337)
1 3 Left hand (16.8053, 170.963, 81.0871) (29.8506, 179.827, 129.773)
1 3 Left hand (15.6306, 174.173, 87.527) (29.574, 182.356, 136.083)
1 4 Left hand (13.9047, 178.866, 91.5702) (29.2941, 188.072, 139.502)
1 4 Left hand (12.1315, 182.344, 96.373) (28.6139, 191.715, 143.908)
1 4 Left hand (10.224, 184.897, 101.809) (27.8448, 193.503, 149.08)
1 4 Left hand (7.275, 188.588, 105.797) (25.5144, 198.579, 152.558)
1 4 Left hand (4.40996, 191.62, 110.088) (23.8615, 201.162, 156.452)
1 4 Left hand (3.53606, 194.781, 116.438) (24.2531, 203.609, 162.394)
1 4 Left hand (1.71573, 197.124, 120.655) (23.2472, 205.77, 166.27)
1 4 Left hand (-1.54113, 199.957, 123.783) (20.972, 208.928, 168.858)
1 4 Left hand (-5.55451, 203.983, 123.928) (18.2893, 217.792, 167.054)
1 4 Left hand (-10.7164, 208.756, 121.397) (15.2716, 227.331, 161.38)
1 4 Left hand (-14.1694, 212.437, 123.588) (13.6909, 231.052, 162.27)
1 4 Left hand (-19.1821, 213.799, 129.004) (7.95927, 229.235, 169.552)
1 4 Left hand (-22.3947, 214.438, 131.592) (5.78118, 229.071, 171.73)
1 4 Left hand (-27.5381, 212.168, 136.905) (0.905399, 223.697, 177.857)
1 4 Left hand (-31.2431, 208.709, 141.04) (-2.14054, 217.559, 182.196)
1 4 Left hand (-37.1361, 206.017, 144.25) (-8.22029, 214.894, 185.531)
1 4 Left hand (-40.1247, 204.007, 145.53) (-10.3465, 211.174, 186.529)
1 4 Left hand (-41.9454, 199.976, 143.62) (-10.6698, 205.032, 183.811)
1 4 Left hand (-44.0056, 197.631, 143.533) (-11.8198, 201.943, 183.088)
1 4 Left hand (-45.4386, 196.12, 143.294) (-12.6995, 200.554, 182.378)
1 4 Left hand (-48.4615, 188.563, 141.677) (-15.4814, 191.358, 180.709)
1 4 Left hand (-51.8103, 185.227, 138.599) (-19.3741, 190.412, 177.842)
1 4 Left hand (-53.5413, 177.137, 132.72) (-20.543, 182.102, 171.521)
1 4 Left hand (-54.1455, 169.456, 127.606) (-21.0231, 174.382, 166.306)
1 4 Left hand (-54.8361, 166.727, 124.609) (-22.5426, 174.274, 163.586)
1 4 Left hand (-53.864, 159.107, 120.078) (-21.9024, 166.549, 159.348)
1 4 Left hand (-53.2322, 146.457, 108.889) (-21.823, 153.417, 148.69)
1 4 Left hand (-50.169, 137.864, 99.7655) (-19.5016, 145.186, 140.076)
1 4 Left hand (-49.5569, 132.966, 94.9515) (-21.2098, 141.139, 136.769)
1 4 Left hand (-47.6272, 129.629, 89.7455) (-21.0548, 138.916, 132.485)
1 4 Left hand (-41.813, 124.823, 84.4199) (-15.6109, 133.728, 127.469)
1 4 Left hand (-38.8315, 123.36, 80.1434) (-14.5128, 133.486, 124.02)
1 4 Left hand (-33.6447, 122.51, 76.6847) (-9.92536, 133.554, 120.667)
1 4 Left hand (-27.9171, 120.38, 73.7511) (-4.67174, 131.197, 118.042)
1 4 Left hand (-22.3296, 119.291, 70.8113) (0.263218, 130.655, 115.303)
1 4 Left hand (-17.4612, 118.29, 68.7443) (4.30507, 129.445, 113.698)
1 4 Left hand (-12.2165, 118.287, 67.3937) (8.68818, 129.599, 112.716)
1 4 Left hand (-7.89531, 118.574, 66.88) (11.7726, 129.674, 112.804)
1 4 Left hand (-3.50083, 118.897, 65.6936) (15.3052, 129.654, 112.058)
1 4 Left hand (1.10418, 119.982, 64.7578) (19.0546, 130.995, 111.401)
1 4 Left hand (8.0663, 120.454, 64.9571) (26.0228, 130.854, 111.738)
1 4 Left hand (13.918, 122.074, 65.9178) (31.1533, 132.627, 112.935)
1 4 Left hand (17.1163, 122.991, 66.0364) (33.0767, 133.389, 113.536)
1 4 Left hand (20.9228, 124.083, 65.3088) (36.1273, 134.674, 113.013)
1 4 Left hand (26.7605, 126.141, 65.8131) (41.3441, 137.051, 113.639)
1 4 Left hand (31.9335, 127.3, 65.4357) (45.9853, 138.21, 113.421)
1 4 Left hand (36.3669, 128.446, 65.6142) (49.7692, 139.668, 113.713)
1 4 Left hand (41.8257, 130.296, 66.6968) (54.5677, 142.001, 114.86)
1 4 Left hand (47.6218, 132.455, 68.9698) (59.6451, 144.823, 117.152)
1 4 Left hand (51.9704, 133.851, 69.1802) (63.3724, 146.712, 117.385)
1 4 Left hand (56.3186, 135.703, 68.9916) (67.3173, 149.354, 117.072)
1 4 Left hand (60.3077, 136.542, 68.9925) (70.7204, 150.163, 117.212)
1 4 Left hand (63.1016, 136.04, 69.3095) (72.1795, 148.564, 118.093)
1 4 Left hand (66.9771, 137.394, 69.2285) (75.0634, 150.404, 118.059)
1 3 Left hand (70.811, 138.002, 69.1438) (77.902, 151.264, 118.061)
1 3 Left hand (75.6276, 139.262, 68.8899) (82.1418, 153.208, 117.697)
1 3 Left hand (81.119, 139.979, 69.0862) (87.4637, 154.227, 117.828)
1 3 Left hand (85.6954, 141.039, 68.4629) (91.8964, 156.214, 116.943)
1 3 Left hand (89.7267, 141.884, 68.2415) (95.4415, 157.741, 116.563)
1 3 Left hand (94.1375, 142.174, 68.5279) (99.4106, 158.075, 116.885)
1 3 Left hand (97.5995, 142.567, 69.1953) (102.202, 158.893, 117.479)
1 3 Left hand (102.254, 140.932, 71.2811) (106.458, 155.615, 120.126)
1 3 Left hand (105.789, 140.167, 72.9329) (109.297, 154.109, 122.049)
1 3 Left hand (109.078, 140.434, 73.6008) (111.749, 154.371, 122.771)
1 3 Left hand (113.274, 140.357, 73.9223) (115.508, 154.387, 123.087)
1 3 Left hand (117.889, 141.6, 73.3904) (119.633, 156.414, 122.345)
1 3 Left hand (121.446, 142.162, 73.1227) (122.068, 156.607, 122.215)
1 3 Left hand (125.524, 142.844, 72.7027) (125.405, 156.897, 121.912)
1 3 Left hand (129.027, 145.565, 72.9723) (128.308, 160.532, 121.906)
1 3 Left hand (131.869, 146.293, 73.6088) (130.142, 161.228, 122.527)
1 3 Left hand (134.119, 145.298, 74.8891) (131.002, 158.87, 124.135)
1 3 Left hand (136.033, 145.152, 76.5515) (131.758, 157.932, 125.922)
1 3 Left hand (139.865, 145.792, 77.3969) (135.963, 158.409, 126.84)
1 3 Left hand (144.157, 149.554, 78.7334) (140.152, 163.56, 127.793)
1 3 Left hand (147.256, 152.11, 79.5583) (143.347, 167.048, 128.35)
1 3 Left hand (147.554, 152.208, 80.4741) (142.769, 166.666, 129.332)
1 3 Left hand (149.037, 153.595, 81.7553) (144.587, 168.187, 130.605)
1 3 Left hand (149.292, 156.626, 83.0317) (144.381, 171.474, 131.76)
1 3 Left hand (147.229, 157.351, 83.8984) (141.326, 170.374, 133.037)
1 3 Left hand (141.589, 159.039, 87.8672) (133.709, 168.166, 137.603)
1 3 Left hand (133.606, 166.004, 94.4552) (126.16, 175.394, 144.209)
1 3 Left hand (120.606, 179.063, 104.246) (112.942, 180.209, 154.833)
1 2 Left hand (95.296, 205.957, 109.115) (94.2186, 193.427, 158.723)
1 2 Left hand (88.0236, 221.161, 119.733) (85.0152, 203.428, 167.645)
1 2 Left hand (79.0617, 230.951, 183.788) (87.5782, 208.374, 228.919)
1 1 Left hand (74.5183, 236.993, 201.98) (74.6349, 212.811, 247.083)
1 2 Left hand (66.1684, 240.877, 209.866) (64.9099, 217.42, 255.333)
1 2 Left hand (59.324, 248.728, 216.934) (59.123, 232.822, 265.576)
1 2 Left hand (50.8219, 252.583, 220.752) (53.3959, 239.076, 270.047)
1 2 Left hand (45.6552, 254.537, 223.552) (53.7621, 244.415, 273.059)
1 2 Left hand (41.3332, 256.189, 224.207) (54.1944, 249.535, 273.292)
1 2 Left hand (40.0148, 257.203, 223.382) (55.2515, 250.7, 271.803)
1 2 Left hand (40.1549, 257.401, 223.199) (55.8994, 250.983, 271.469)
1 2 Left hand (40.1582, 257.533, 223.109) (55.9941, 250.987, 271.332)
1 2 Left hand (40.1607, 257.631, 223.042) (56.0637, 250.99, 271.23)
1 2 Left hand (40.1627, 257.708, 222.99) (56.1184, 250.993, 271.149)
1 1 Left hand (44.7583, 263.243, 221.032) (61.0123, 256.087, 269.028)
1 0 Left hand (54.3476, 275.204, 216.745) (71.4446, 265.911, 264.078)
1 0 Left hand (61.8377, 282.75, 212.973) (79.2239, 272.839, 260.075)
1 3 Left hand (82.2531, 283.055, 250.427) (90.8014, 276.573, 300.466)
1 3 Left hand (97.6886, 289.262, 259.015) (106.283, 282.863, 309.058)
1 3 Left hand (110.814, 290.217, 257.694) (120.249, 282.741, 307.434)
1 3 Left hand (121.603, 292.819, 252.541) (130.222, 284.715, 302.331)
1 3 Left hand (128.375, 292.347, 246.289) (133.549, 282.859, 296.312)
1 3 Left hand (134.884, 295.882, 241.414) (136.345, 287.182, 291.824)
1 3 Left hand (141.945, 294.862, 235.756) (141.148, 285.858, 286.128)
1 3 Left hand (148.186, 292.317, 228.829) (145.399, 282.832, 279.042)
1 3 Left hand (153.012, 287.698, 222.116) (147.578, 276.475, 271.75)
1 3 Left hand (161.812, 289.553, 213.618) (156.578, 280.307, 263.68)
1 3 Left hand (166.722, 287.088, 204.091) (160.258, 278.901, 254.193)
1 3 Left hand (171.941, 287.433, 197.211) (165.144, 283.084, 247.747)
1 3 Left hand (173.563, 280.507, 189.25) (164.725, 275.611, 239.419)
1 3 Left hand (178.103, 278.514, 183.39) (170.163, 275.887, 233.879)
1 3 Left hand (179.983, 273.407, 177.982) (171.993, 271.994, 228.512)
1 3 Left hand (180.8, 267.877, 173.028) (171.905, 266.902, 223.417)
1 3 Left hand (182.121, 260.688, 164.945) (173.831, 260.939, 215.445)
1 3 Left hand (183.732, 253.153, 160.654) (176.891, 253.254, 211.372)
1 3 Left hand (179.259, 246.056, 154.422) (169.97, 246.292, 204.748)
1 3 Left hand (177.685, 240.531, 152.458) (168.743, 241.89, 202.829)
1 3 Left hand (176.764, 238.04, 150.302) (168.709, 241.705, 200.708)
1 3 Left hand (175.38, 233.218, 148.173) (167.592, 237.126, 198.602)
1 3 Left hand (171.925, 227.631, 144.266) (163.375, 231.965, 194.537)
1 3 Left hand (168.323, 221.763, 140.848) (159.624, 226.432, 191.064)
1 3 Left hand (165.998, 217.645, 139.011) (157.584, 222.879, 189.22)
1 3 Left hand (163.167, 213.86, 134.625) (155.579, 219.997, 184.863)
1 3 Left hand (158.853, 207.613, 131.158) (151.75, 213.273, 181.522)
1 3 Left hand (153.658, 201.124, 127.314) (146.874, 206.368, 177.767)
1 3 Left hand (142.966, 193.741, 122.309) (135.836, 200.095, 172.587)
1 3 Left hand (134.555, 185.454, 116.883) (129.579, 192.458, 167.334)
1 3 Left hand (127.999, 178.256, 112.891) (123.454, 184.461, 163.487)
1 3 Left hand (123.396, 174.44, 107.971) (120.229, 181.892, 158.503)
1 3 Left hand (116.646, 165.317, 101.995) (115.453, 173.128, 152.558)
1 3 Left hand (110.458, 160.909, 97.891) (109.512, 169.549, 148.324)
1 3 Left hand (105.096, 155.655, 94.4083) (104.477, 164.049, 144.888)
1 3 Left hand (100.01, 151.938, 90.7508) (99.2665, 160.179, 141.254)
1 3 Left hand (96.8306, 149.549, 87.7451) (97.016, 158.463, 138.139)
1 3 Left hand (92.3897, 147.271, 85.2683) (92.7749, 156.418, 135.619)
1 3 Left hand (88.1533, 142.397, 83.6115) (89.1147, 149.618, 134.267)
1 3 Left hand (83.412, 142.001, 82.1019) (84.253, 149.807, 132.673)
1 3 Left hand (80.0067, 140.939, 79.299) (81.7145, 149.538, 129.719)
1 3 Left hand (76.003, 139.906, 76.5535) (78.4203, 149.345, 126.794)
1 3 Left hand (71.9054, 138.625, 75.0856) (74.9173, 148.611, 125.188)
1 3 Left hand (66.5924, 136.301, 74.0606) (69.6449, 146.011, 124.215)
1 3 Left hand (62.0933, 133.487, 72.3232) (65.6409, 142.776, 122.525)
1 3 Left hand (57.708, 131.56, 70.9475) (61.4807, 140.689, 121.162)
1 3 Left hand (52.0321, 126.553, 68.2323) (55.7275, 134.55, 118.645)
1 3 Left hand (48.3454, 125.066, 67.3263) (52.2245, 133.184, 117.706)
1 3 Left hand (45.6462, 124.987, 65.932) (49.8861, 133.958, 116.138)
1 3 Left hand (43.4943, 124.66, 64.727) (48.3462, 134.368, 114.74)
1 3 Left hand (40.7706, 122.947, 63.5745) (45.9857, 132.969, 113.489)
1 3 Left hand (37.1074, 120.577, 61.8652) (42.4493, 130.776, 111.73)
1 3 Left hand (34.2856, 118.785, 60.2732) (39.9524, 129.294, 110.038)
1 3 Left hand (31.4917, 115.492, 60.3849) (37.2696, 124.673, 110.399)
1 3 Left hand (28.935, 114.465, 59.3759) (35.0415, 124.193, 109.247)
1 3 Left hand (26.0469, 111.606, 59.1005) (32.3948, 120.483, 109.1)
1 3 Left hand (20.7651, 109.529, 57.8581) (26.3666, 118.659, 107.901)
1 3 Left hand (18.6383, 108.921, 57.2154) (24.8622, 118.299, 107.139)
1 3 Left hand (16.9576, 109.142, 56.8787) (23.8565, 118.999, 106.621)
1 3 Left hand (14.027, 109.777, 56.6967) (21.6165, 120.283, 106.205)
1 3 Left hand (10.6645, 110.262, 56.4553) (19.418, 120.845, 105.755)
1 3 Left hand (4.86814, 110.937, 57.4214) (14.1129, 120.954, 106.75)
1 3 Left hand (-1.63276, 112.137, 59.3446) (8.22584, 121.578, 108.667)
1 3 Left hand (-7.90691, 114.45, 62.2858) (2.75909, 123.195, 111.569)
1 3 Left hand (-14.211, 116.303, 64.8193) (-2.53953, 124.627, 113.947)
1 3 Left hand (-19.9051, 119.625, 69.6728) (-6.8216, 127.235, 118.56)
1 3 Left hand (-26.3063, 123.035, 74.4863) (-11.8572, 129.942, 123.093)
1 3 Left hand (-32.512, 125.749, 78.9623) (-16.381, 131.728, 127.161)
1 3 Left hand (-38.8403, 127.935, 84.7804) (-20.88, 131.636, 132.559)
1 3 Left hand (-44.5905, 130.343, 89.4491) (-24.0797, 132.651, 136.279)
1 3 Left hand (-50.9981, 130.349, 94.645) (-27.6831, 130.448, 140.202)
1 3 Left hand (-56.3717, 130.697, 99.4633) (-29.8009, 128.665, 143.155)
1 3 Left hand (-63.6845, 135.043, 107.089) (-34.9721, 133.509, 149.425)
1 3 Left hand (-68.6164, 136.996, 114.513) (-36.8194, 133.787, 154.484)
1 3 Left hand (-73.6341, 139.636, 123.719) (-40.2806, 136.562, 162.412)
1 3 Left hand (-78.3371, 147.205, 134.055) (-38.4956, 141.566, 165.677)
1 1 Left hand (-88.649, 158.688, 141.086) (-52.8303, 150.769, 176.77)
1 1 Left hand (-93.3497, 162.976, 155.311) (-58.2214, 148.791, 189.718)
1 2 Left hand (-91.0451, 163.046, 166.806) (-57.0976, 150.648, 203.04)
1 2 Left hand (-89.9845, 166.918, 172.218) (-51.103, 153.722, 202.766)
1 2 Left hand (-86.5873, 167.117, 182.292) (-50.1869, 153.173, 215.452)
1 2 Left hand (-88.7008, 169.368, 193.667) (-48.3152, 152.279, 220.05)
1 2 Left hand (-77.929, 166.898, 195.239) (-32.8748, 147.641, 210.015)
1 2 Left hand (-76.565, 171.148, 198.294) (-27.6479, 156.337, 200.907)
1 2 Left hand (-75.6903, 171.758, 198.678) (-26.2114, 159.771, 193.46)
1 2 Left hand (-71.7917, 166.388, 196.526) (-23.1348, 152.222, 189.392)
1 2 Left hand (-62.9997, 167.243, 194.64) (-15.9263, 148.032, 188.8)
1 1 Left hand (-54.3283, 161.465, 190.799) (-8.5908, 140.44, 181.573)
1 1 Left hand (-48.3938, 155.613, 186.759) (-4.18364, 133.724, 173.144)