1 4 Right hand (-14.1328, 197.952, 201.081) (-27.9213, 179.143, 240.471)
1 4 Right hand (-10.5465, 194.733, 198.672) (-20.9768, 171.415, 236.658)
1 4 Right hand (-10.0757, 199.137, 194.986) (-20.139, 176.788, 233.648)
1 4 Right hand (-9.74081, 202.533, 191.16) (-19.7739, 180.948, 230.261)
1 4 Right hand (-9.84546, 203.205, 187.761) (-19.9425, 180.783, 226.372)
1 4 Right hand (-10.036, 205.577, 185.274) (-20.3333, 184.122, 224.378)
1 4 Right hand (-9.43758, 208.596, 182.798) (-19.5127, 188.581, 222.715)
1 4 Right hand (-9.12737, 208.988, 180.008) (-19.288, 188.311, 219.565)
1 4 Right hand (-9.25181, 209.126, 177.957) (-19.6535, 187.61, 216.999)
1 4 Right hand (-8.79444, 209.459, 176.25) (-19.0805, 187.441, 215.043)
1 4 Right hand (-7.78874, 211.592, 173.271) (-17.9128, 190.501, 212.618)
1 4 Right hand (-6.95228, 214.34, 171.305) (-16.8706, 194.815, 211.503)
1 4 Right hand (-7.02433, 213.982, 169.738) (-17.1599, 193.569, 209.437)
1 4 Right hand (-6.6897, 214.108, 167.563) (-16.8962, 193.28, 207.029)
1 4 Right hand (-6.2262, 213.894, 165.657) (-16.3789, 192.244, 204.691)
1 4 Right hand (-5.58094, 214.407, 162.059) (-15.8767, 192.713, 201.031)
1 5 Right hand (-5.36157, 214.585, 159.799) (-15.7539, 192.664, 198.619)
1 5 Right hand (-4.52318, 214.67, 157.345) (-14.5682, 192.519, 196.126)
1 5 Right hand (-3.59831, 216.003, 152.18) (-13.3008, 194.486, 191.402)
1 5 Right hand (-3.3798, 216.276, 151.223) (-12.9339, 194.882, 190.548)
1 5 Right hand (-3.1778, 216.436, 149.889) (-12.5847, 195.092, 189.277)
1 5 Right hand (-2.53931, 218.223, 148.142) (-11.6326, 198.346, 188.363)
1 5 Right hand (-2.26647, 218.311, 146.326) (-11.2993, 198.43, 186.558)
1 5 Right hand (-1.92444, 218.904, 145.101) (-10.8402, 199.628, 185.652)
1 5 Right hand (-1.7649, 219.012, 143.522) (-10.6996, 200.037, 184.211)
1 5 Right hand (-1.36795, 218.051, 140.491) (-10.1841, 198.977, 181.16)
1 5 Right hand (-0.758452, 217.814, 137.649) (-9.37261, 199.327, 178.631)
1 5 Right hand (-0.559816, 217.527, 136.085) (-8.99445, 199.463, 177.292)
1 5 Right hand (-0.188191, 216.631, 134.418) (-8.32548, 198.46, 175.638)
1 5 Right hand (0.0040798, 216.562, 133.146) (-7.93524, 199.199, 174.752)
1 5 Right hand (0.355733, 215.646, 130.995) (-7.26647, 198.738, 172.846)
1 5 Right hand (0.669433, 214.458, 128.939) (-6.7189, 197.87, 170.959)
1 5 Right hand (1.14512, 212.88, 126.705) (-5.87293, 196.365, 168.818)
1 5 Right hand (1.14131, 212.085, 125.031) (-5.81084, 196.296, 167.432)
1 5 Right hand (1.29114, 210.164, 122.338) (-5.80432, 194.343, 164.703)
1 5 Right hand (1.75763, 207.881, 119.234) (-5.22022, 192.12, 161.641)
1 5 Right hand (2.20569, 205.18, 115.76) (-4.95698, 188.814, 157.906)
1 5 Right hand (2.74543, 203.692, 113.559) (-4.27245, 187.749, 155.891)
1 5 Right hand (3.26784, 201.458, 110.419) (-3.9232, 185.321, 152.649)
1 5 Right hand (3.96182, 198.439, 106.991) (-3.28849, 181.969, 149.082)
1 5 Right hand (4.47683, 195.958, 104.044) (-2.84034, 179.388, 146.085)
1 5 Right hand (4.79641, 193.708, 100.479) (-2.94781, 177.373, 142.534)
1 5 Right hand (5.33394, 191.762, 98.212) (-2.36079, 175.627, 140.354)
1 5 Right hand (5.65043, 189.26, 95.8306) (-2.01112, 173.049, 137.95)
1 5 Right hand (5.97151, 187.234, 94.139) (-1.57297, 171.009, 136.274)
1 5 Right hand (5.90595, 185.269, 91.7563) (-1.91128, 169.037, 133.838)
1 5 Right hand (5.94473, 183.213, 89.254) (-2.00527, 166.988, 131.314)
1 5 Right hand (6.23826, 181.082, 86.7697) (-1.57028, 164.944, 128.889)
1 5 Right hand (6.6187, 179.253, 85.3214) (-1.01934, 163.151, 127.486)
1 5 Right hand (6.81662, 177.987, 84.0979) (-0.817358, 162.045, 126.324)
1 5 Right hand (7.37024, 176.308, 81.7371) (-0.128485, 160.76, 124.134)
1 5 Right hand (7.98488, 174.783, 80.1193) (0.684495, 159.439, 122.625)
1 5 Right hand (8.19487, 173.422, 78.4563) (0.817651, 158.308, 121.031)
1 5 Right hand (8.02318, 171.969, 76.3739) (0.222139, 156.987, 118.92)
1 5 Right hand (8.228, 170.765, 75.0101) (0.320094, 155.741, 117.522)
1 5 Right hand (8.9048, 169.405, 73.0068) (1.20176, 154.394, 115.561)
1 5 Right hand (9.19123, 168.421, 71.4782) (1.40396, 153.514, 114.053)
1 5 Right hand (9.33813, 167.467, 70.2353) (1.45398, 152.507, 112.774)
1 5 Right hand (9.44906, 166.556, 68.9839) (1.43091, 151.523, 111.471)
1 5 Right hand (9.54816, 166.004, 68.2281) (1.42089, 150.939, 110.683)
1 5 Right hand (9.94067, 165.277, 67.2037) (1.84221, 150.224, 109.669)
1 5 Right hand (10.3797, 164.38, 66.1544) (2.374, 149.255, 108.612)
1 5 Right hand (10.7484, 163.786, 65.4154) (2.815, 148.642, 107.879)
1 5 Right hand (11.1244, 163.244, 64.524) (3.22497, 148.182, 107.024)
1 5 Right hand (11.4457, 162.589, 63.6619) (3.52387, 147.42, 106.119)
1 5 Right hand (11.9056, 161.945, 62.275) (3.9425, 146.806, 104.735)
1 5 Right hand (12.6651, 161.206, 60.7307) (4.91216, 146.117, 103.248)
1 5 Right hand (13.0497, 160.76, 59.4887) (5.37175, 145.812, 102.069)
1 5 Right hand (13.5814, 160.122, 57.9539) (6.03189, 145.269, 100.591)
1 5 Right hand (13.8628, 159.76, 57.1086) (6.38634, 144.96, 99.7766)
1 5 Right hand (14.4034, 159.278, 55.3566) (6.98698, 144.681, 98.1047)
1 5 Right hand (14.8212, 158.867, 53.2327) (7.37333, 144.672, 96.1104)
1 5 Right hand (15.0066, 158.261, 51.6784) (7.4597, 144.111, 94.5539)
1 5 Right hand (15.2449, 157.83, 50.7279) (7.6767, 143.699, 93.606)
1 5 Right hand (15.5001, 157.238, 49.3517) (7.91773, 143.197, 92.2565)
1 5 Right hand (15.4767, 156.32, 47.5392) (7.64245, 142.305, 90.4075)
1 5 Right hand (15.5595, 155.243, 45.7583) (7.63347, 141.33, 88.6428)
1 5 Right hand (16.1493, 154.37, 44.1431) (8.46086, 140.562, 87.1047)
1 5 Right hand (16.6107, 153.521, 42.3866) (9.18942, 139.995, 85.4846)
1 5 Right hand (16.6387, 152.481, 40.8835) (9.18197, 138.945, 83.9724)
1 5 Right hand (16.7231, 151.816, 39.9697) (9.30541, 138.35, 83.0872)
1 5 Right hand (16.7418, 151.279, 39.1426) (9.36171, 137.905, 82.2955)
1 5 Right hand (17.1962, 150.732, 37.6913) (10.0857, 137.652, 80.9793)
1 5 Right hand (17.501, 150.291, 36.7821) (10.5439, 137.349, 80.1364)
1 5 Right hand (17.6947, 150.035, 36.3223) (10.8475, 137.153, 79.7119)
1 5 Right hand (17.8642, 149.873, 36.0306) (11.06, 137.059, 79.4472)
1 5 Right hand (18.0217, 149.753, 35.7941) (11.2393, 137.028, 79.2403)
1 5 Right hand (18.1599, 149.689, 35.6457) (11.3626, 137.072, 79.1208)
1 5 Right hand (18.3213, 149.622, 35.574) (11.5147, 137.1, 79.0752)
1 5 Right hand (18.5071, 149.534, 35.589) (11.6926, 137.07, 79.1057)
1 5 Right hand (18.91, 149.469, 35.9431) (12.1353, 137.082, 79.488)
1 5 Right hand (19.1764, 149.632, 36.8851) (12.2826, 137.618, 80.5155)
1 5 Right hand (19.4466, 149.943, 38.0482) (12.3663, 138.336, 81.759)
1 5 Right hand (19.9417, 150.565, 39.9307) (12.7823, 139.352, 83.7313)
1 5 Right hand (20.279, 151.242, 41.3561) (12.9805, 140.332, 85.2105)
1 5 Right hand (20.4321, 152.465, 44.8275) (13.0197, 141.667, 88.6901)
1 5 Right hand (20.7078, 154.271, 48.593) (13.4271, 143.569, 92.5013)
1 5 Right hand (20.6057, 156.069, 52.5218) (13.2155, 145.393, 96.4181)
1 5 Right hand (20.8518, 158.214, 56.2543) (13.5327, 147.413, 100.132)
1 5 Right hand (21.249, 160.086, 59.9542) (13.9681, 149.174, 103.811)
1 5 Right hand (21.5808, 162.479, 63.9) (14.131, 151.754, 107.774)
1 5 Right hand (21.8966, 164.715, 68.1491) (14.1639, 153.939, 111.962)
1 5 Right hand (22.1883, 166.853, 72.6477) (14.112, 155.917, 116.359)
1 5 Right hand (22.1522, 169.326, 76.9336) (13.3867, 158.478, 120.534)
1 5 Right hand (22.5863, 171.434, 81.8753) (13.7882, 160.511, 125.45)
1 5 Right hand (22.5816, 173.179, 86.4822) (13.4747, 161.911, 129.905)
1 5 Right hand (22.5946, 175.106, 91.036) (13.3829, 163.841, 134.438)
1 5 Right hand (22.4644, 176.461, 94.8876) (12.8448, 164.584, 138.037)
1 5 Right hand (22.7028, 178.045, 98.9572) (13.1176, 165.935, 142.049)
1 5 Right hand (22.1037, 179.423, 102.584) (11.9183, 166.828, 145.399)
1 5 Right hand (21.6501, 180.799, 106.642) (11.0491, 167.907, 149.267)
1 5 Right hand (21.278, 182.538, 110.945) (10.4283, 169.585, 153.489)
1 5 Right hand (20.6678, 183.393, 114.881) (9.42161, 169.909, 157.157)
1 5 Right hand (20.463, 184.453, 118.341) (8.98615, 170.773, 160.491)
1 5 Right hand (20.3615, 185.482, 122.167) (8.95871, 171.619, 164.278)
1 5 Right hand (20.3765, 186.754, 127.178) (9.23231, 173.238, 169.47)
1 5 Right hand (20.2772, 187.505, 130.672) (9.08075, 173.762, 172.877)
1 5 Right hand (20.5108, 188.333, 134.535) (9.4992, 174.645, 176.806)
1 5 Right hand (19.8282, 188.803, 137.859) (8.18466, 175.083, 179.95)
1 5 Right hand (19.6265, 189.642, 141.372) (7.65616, 176.344, 183.507)
1 5 Right hand (19.0857, 189.335, 144.659) (6.5352, 175.588, 186.48)
1 5 Right hand (16.941, 187.186, 147.69) (2.75726, 171.015, 188.098)
1 5 Right hand (17.2312, 187.774, 151.757) (3.09579, 171.828, 192.271)
1 5 Right hand (18.2708, 188.951, 155.8) (4.67873, 174.232, 196.959)
1 5 Right hand (19.4995, 190.015, 160.314) (6.59128, 176.509, 202.105)
1 5 Right hand (18.7657, 190.211, 163.598) (5.17156, 176.997, 205.264)
1 5 Right hand (18.7491, 190.418, 167.323) (4.88826, 177.687, 209.052)
1 5 Right hand (19.4884, 190.115, 171.093) (5.93123, 177.175, 212.857)
1 5 Right hand (20.5013, 191.395, 174.877) (7.25959, 179.598, 217.079)
1 5 Right hand (20.2945, 190.128, 177.588) (6.35547, 177.254, 219.247)
1 5 Right hand (19.3089, 188.245, 180.004) (4.1864, 173.828, 220.734)
1 5 Right hand (19.6604, 188.056, 183.134) (4.12157, 173.372, 223.611)
1 5 Right hand (20.3977, 187.162, 186.433) (4.71392, 171.732, 226.575)
1 5 Right hand (21.2084, 187.025, 189.719) (5.35104, 171.899, 229.909)
1 5 Right hand (21.3611, 186.849, 192.698) (4.74402, 172, 232.683)
1 5 Right hand (22.1422, 186.463, 196.591) (5.42501, 171.631, 236.542)
1 5 Right hand (22.9458, 186.321, 199.363) (5.80343, 171.737, 239.224)
1 5 Right hand (24.9098, 185.925, 202.636) (7.95392, 171.243, 242.542)
1 5 Right hand (25.947, 186.079, 205.107) (8.58706, 172.079, 245.083)
1 5 Right hand (26.2699, 186.603, 206.376) (8.08578, 173.237, 246.203)
1 5 Right hand (28.1519, 185.133, 211.028) (9.90627, 170.485, 250.373)
1 4 Right hand (29.3499, 184.891, 215.633) (10.8827, 170.017, 254.789)
1 4 Right hand (30.5546, 184.632, 218.329) (11.5508, 169.664, 257.192)
1 4 Right hand (39.6346, 189.011, 228.475) (19.8308, 179.828, 268.711)
1 4 Right hand (41.3298, 191.716, 232.127) (21.3953, 184.722, 272.737)
1 4 Right hand (48.0128, 194.781, 234.02) (29.5669, 190.962, 275.741)
1 4 Right hand (54.2102, 195.446, 235.321) (37.1115, 193.537, 277.741)
1 3 Right hand (59.125, 194.644, 235.959) (42.2287, 192.93, 278.469)
1 3 Right hand (64.3352, 194.633, 236.552) (47.4369, 194.727, 279.095)
1 3 Right hand (70.386, 195.329, 236.548) (54.8811, 200.811, 279.268)
1 2 Right hand (78.6334, 195.779, 235.663) (66.4107, 207.926, 278.072)
1 2 Right hand (84.6634, 195.509, 234.79) (74.7064, 211.092, 276.665)
1 2 Right hand (86.2923, 195.296, 235.406) (73.5919, 212.849, 275.731)
1 2 Right hand (86.8125, 195.228, 235.603) (73.2819, 213.417, 275.372)
1 2 Right hand (87.1742, 195.32, 235.508) (72.9163, 214.353, 274.622)
1 4 Left hand (57.7404, 152.136, 94.795) (29.0386, 157.558, 137.496)
1 4 Left hand (56.7905, 151.576, 93.7458) (29.2215, 157.065, 137.179)
1 4 Left hand (52.391, 149.458, 91.1007) (25.7894, 154.19, 135.22)
1 4 Left hand (48.3624, 147.796, 88.7872) (22.6408, 151.637, 133.511)
1 4 Left hand (44.7611, 147.45, 87.0955) (19.631, 150.977, 132.18)
1 4 Left hand (41.8545, 147.456, 85.8125) (17.2732, 150.791, 131.213)
1 4 Left hand (38.5876, 147.336, 84.4199) (14.4589, 150.317, 130.087)
1 4 Left hand (35.9041, 147.679, 83.3796) (12.2292, 150.453, 129.297)
1 4 Left hand (32.9666, 148.675, 82.3681) (9.6559, 151.589, 128.462)
1 4 Left hand (30.2111, 148.543, 80.9574) (7.32959, 151.066, 127.289)
1 4 Left hand (27.4075, 148.047, 79.7554) (4.94955, 149.976, 126.323)
1 4 Left hand (24.6506, 148.067, 78.7539) (2.51542, 149.676, 125.487)
1 4 Left hand (21.9034, 148.092, 78.0728) (0.00150423, 149.408, 124.925)
1 4 Left hand (19.3848, 148.146, 77.4494) (-2.19816, 149.233, 124.456)
1 4 Left hand (16.9135, 148.302, 76.7007) (-4.31904, 149.301, 123.868)
1 4 Left hand (14.6113, 148.361, 76.1407) (-6.23326, 149.223, 123.483)
1 4 Left hand (12.1693, 148.682, 75.6152) (-8.39552, 149.553, 123.08)
1 4 Left hand (10.0091, 148.906, 75.1287) (-10.1754, 149.721, 122.757)
1 4 Left hand (7.7419, 149.046, 74.2127) (-12.0758, 149.824, 121.996)
1 4 Left hand (5.68113, 149.055, 73.5323) (-13.7402, 149.703, 121.48)
1 4 Left hand (3.71456, 148.826, 72.9027) (-15.2907, 149.255, 121.019)
1 4 Left hand (1.53282, 148.495, 72.3281) (-17.1668, 148.606, 120.566)
1 4 Left hand (-0.744002, 148.344, 71.7723) (-19.2157, 148.265, 120.098)
1 4 Left hand (-2.93938, 148.434, 71.2585) (-21.212, 148.299, 119.66)
1 4 Left hand (-5.03097, 148.449, 70.7591) (-23.0979, 148.261, 119.237)
1 4 Left hand (-6.91201, 148.471, 70.2993) (-24.7549, 148.258, 118.86)
1 4 Left hand (-8.64335, 148.335, 69.8496) (-26.2367, 147.977, 118.501)
1 4 Left hand (-10.3746, 148.391, 69.3694) (-27.733, 148.02, 118.105)
1 4 Left hand (-12.0564, 148.468, 68.9597) (-29.2098, 148.107, 117.768)
1 4 Left hand (-13.7654, 148.599, 68.6143) (-30.7715, 148.287, 117.474)
1 4 Left hand (-15.4366, 148.542, 68.215) (-32.27, 148.209, 117.134)
1 4 Left hand (-16.914, 148.515, 67.9125) (-33.5498, 148.194, 116.899)
1 4 Left hand (-18.3808, 148.451, 67.6753) (-34.8551, 148.143, 116.717)
1 4 Left hand (-19.7961, 148.225, 67.4624) (-36.1056, 147.813, 116.558)
1 4 Left hand (-21.2552, 147.901, 67.1466) (-37.4279, 147.365, 116.287)
1 4 Left hand (-22.5961, 147.478, 66.927) (-38.6005, 146.772, 116.12)
1 4 Left hand (-23.7406, 147.119, 66.7481) (-39.5476, 146.316, 116.003)
1 4 Left hand (-25.0622, 146.826, 66.5289) (-40.7616, 145.977, 115.818)
1 4 Left hand (-26.5683, 146.603, 66.2159) (-42.217, 145.789, 115.521)
1 4 Left hand (-27.8892, 146.216, 65.9363) (-43.405, 145.326, 115.282)
1 4 Left hand (-29.0062, 145.699, 65.6142) (-44.3387, 144.663, 115.015)
1 4 Left hand (-30.1331, 145.266, 65.2924) (-45.3031, 144.163, 114.742)
1 4 Left hand (-31.3401, 144.609, 64.719) (-46.3463, 143.338, 114.214)
1 4 Left hand (-32.5352, 144.143, 64.247) (-47.4356, 142.782, 113.772)
1 4 Left hand (-33.8094, 143.715, 63.8916) (-48.6753, 142.271, 113.424)
1 4 Left hand (-34.9014, 143.301, 63.5945) (-49.7042, 141.779, 113.144)
1 4 Left hand (-35.7979, 142.974, 63.3429) (-50.5382, 141.412, 112.91)
1 4 Left hand (-36.6504, 142.668, 63.0775) (-51.3329, 141.075, 112.66)
1 4 Left hand (-37.6102, 142.156, 62.8059) (-52.2722, 140.463, 112.392)
1 4 Left hand (-38.7662, 141.591, 62.5008) (-53.4626, 139.794, 112.073)
1 4 Left hand (-39.7613, 141.137, 62.2941) (-54.4222, 139.272, 111.874)
1 4 Left hand (-40.6977, 140.723, 62.1224) (-55.2764, 138.78, 111.723)
1 4 Left hand (-41.5943, 140.43, 61.992) (-56.0371, 138.475, 111.632)
1 4 Left hand (-42.4503, 140.118, 61.9498) (-56.737, 138.087, 111.632)
1 4 Left hand (-43.4783, 140.046, 62.1968) (-57.5963, 138.028, 111.928)
1 4 Left hand (-44.8196, 140.347, 62.8568) (-58.7751, 138.413, 112.637)
1 4 Left hand (-46.1477, 140.862, 63.8376) (-59.9008, 138.966, 113.676)
1 4 Left hand (-47.2621, 141.211, 65.027) (-60.6597, 139.017, 114.95)
1 4 Left hand (-48.8664, 142.533, 67.6214) (-61.9334, 139.976, 117.614)
1 4 Left hand (-50.6845, 144.224, 70.558) (-63.5383, 141.285, 120.585)
1 4 Left hand (-52.468, 147.588, 75.0574) (-65.0844, 144.905, 125.159)
1 4 Left hand (-53.776, 149.812, 79.6038) (-66.121, 146.809, 129.755)
1 4 Left hand (-54.6872, 151.991, 85.0832) (-66.7117, 148.497, 135.281)
1 4 Left hand (-55.389, 154.383, 90.7406) (-67.3671, 150.602, 140.928)
1 4 Left hand (-55.8179, 157.316, 96.4112) (-67.8436, 153.686, 146.599)
1 4 Left hand (-55.8794, 159.194, 100.392) (-67.998, 155.448, 150.549)
1 4 Left hand (-56.0053, 161.364, 106.14) (-68.4933, 157.602, 156.204)
1 4 Left hand (-55.9067, 163.045, 112.137) (-68.925, 159.003, 162.045)
1 4 Left hand (-53.8559, 167.65, 130.147) (-68.6591, 161.772, 179.37)
0 0 0 0 0 0 1 5 Left hand (-43.6901, 174.225, 213.656) (-71.1811, 180.36, 254.643)
1 5 Left hand (-37.4993, 170.773, 221.062) (-64.331, 175.204, 262.701)
1 5 Left hand (-32.4107, 171.629, 230.957) (-60.1601, 177.942, 271.742)
1 5 Left hand (-26.2544, 174.689, 240.627) (-54.8165, 184.364, 280.174)
1 5 Left hand (-16.1538, 176.573, 253.125) (-43.9595, 188.244, 292.672)
1 5 Left hand (-11.5688, 176.036, 261.6) (-41.0553, 188.689, 299.597)
1 5 Left hand (-6.92134, 173.454, 266.346) (-38.7054, 186.536, 302.29)
1 5 Left hand (-0.429595, 171.446, 272.918) (-32.7743, 185.396, 308.025)
1 5 Left hand (5.9269, 170.877, 278.194) (-27.8503, 184.798, 311.938)
1 5 Left hand (9.5367, 167.263, 280.868) (-24.6632, 181.474, 314.061)
1 5 Left hand (11.3353, 162.819, 282.542) (-24.5395, 174.644, 314.892)
1 5 Left hand (14.0204, 173.528, 284.964) (-21.9802, 191.74, 314.044)
1 5 Left hand (10.6017, 186.578, 279.682) (-27.759, 210.207, 300.74)
1 5 Left hand (24.4499, 177.746, 292.825) (-10.7019, 198.769, 321.034)
1 5 Left hand (24.9228, 175.251, 294.233) (-11.09, 195.266, 322.086)
1 5 Left hand (20.1859, 172.824, 294.434) (-18.3037, 190.106, 320.763)
1 5 Left hand (16.6266, 196.077, 278.423) (-22.6463, 221.106, 295.874)
1 5 Left hand (34.1716, 205.033, 273.387) (1.80038, 239.414, 288.988)
1 5 Left hand (43.4736, 206.389, 268.746) (14.6672, 243.681, 284.645)
1 5 Left hand (44.8619, 207.098, 268.171) (17.396, 245.568, 283.631)
1 5 Left hand (43.9105, 207.745, 267.324) (16.7672, 246.558, 282.493)
1 5 Left hand (47.478, 212.13, 264.293) (22.7046, 252.551, 279.318)
1 5 Left hand (47.1571, 215.711, 256.148) (24.833, 258.873, 266.732)
1 4 Left hand (52.4564, 179.906, 242.819) (37.2597, 189.2, 289.251)
1 3 Left hand (55.1541, 172.501, 237.464) (52.4993, 173.773, 287.11)
1 3 Left hand (51.7309, 164.63, 235.808) (52.2378, 155.789, 284.746)
1 2 Left hand (46.7527, 161.175, 231.638) (48.5379, 145.367, 278.757)
1 2 Left hand (46.4324, 161.116, 225.574) (51.7302, 141.996, 271.177)
1 2 Left hand (40.8698, 167.033, 216.746) (46.2422, 148.297, 262.499)
1 4 Left hand (26.086, 164.931, 211.572) (3.62573, 156.627, 255.16)
1 4 Left hand (18.7662, 161.995, 207.705) (-7.94356, 157.134, 249.374)
1 4 Left hand (14.5432, 160.414, 199.859) (-12.7076, 154.176, 240.991)
1 4 Left hand (12.6458, 162.55, 192.702) (-13.9222, 155.749, 234.189)
1 4 Left hand (9.71404, 163.43, 183.371) (-16.3836, 155.476, 224.952)
1 4 Left hand (2.2532, 164.365, 169.572) (-24.8441, 154.568, 210.106)
1 4 Left hand (-0.00983767, 169.746, 156.908) (-25.9247, 161.781, 198.601)
1 4 Left hand (-3.75976, 167.905, 147.13) (-30.5167, 158.822, 188.055)
1 4 Left hand (-2.70177, 170.244, 138.699) (-28.4058, 162.72, 180.604)
1 4 Left hand (-1.67882, 172.118, 130.561) (-26.6871, 166.591, 173.192)
1 4 Left hand (-3.50187, 168.126, 124.036) (-29.1221, 161.108, 166.08)
1 4 Left hand (-2.15976, 168.661, 117.426) (-26.8696, 163.401, 160.263)
1 4 Left hand (-2.30501, 168.34, 111.651) (-26.6794, 164.459, 154.827)
1 4 Left hand (-2.84709, 167.953, 106.069) (-27.0026, 165.833, 149.489)
1 4 Left hand (-2.52238, 167.059, 100.456) (-26.2158, 166.088, 144.171)
1 4 Left hand (-2.10816, 164.481, 95.4388) (-25.4902, 163.703, 139.325)
1 4 Left hand (-2.13285, 161.325, 91.2647) (-25.6044, 160.449, 135.101)
1 4 Left hand (-2.00941, 158.657, 87.642) (-25.4632, 157.783, 131.488)
1 4 Left hand (-1.87453, 155.96, 84.3396) (-25.1313, 155.176, 128.292)
1 4 Left hand (-1.99611, 153.82, 81.4378) (-25.1257, 153.41, 125.462)
1 4 Left hand (-2.48798, 150.896, 79.0623) (-25.6869, 150.177, 123.047)
1 4 Left hand (-2.73901, 148.589, 76.9128) (-25.9025, 147.818, 120.915)
1 4 Left hand (-2.50652, 147.754, 74.4996) (-25.4731, 147.89, 118.611)
1 4 Left hand (-2.1476, 145.725, 72.6875) (-24.8347, 145.872, 116.944)
1 4 Left hand (-1.91952, 144.191, 70.6976) (-24.4138, 144.589, 115.05)
1 4 Left hand (-1.82441, 141.597, 68.6023) (-24.1766, 141.707, 113.028)
1 4 Left hand (-1.72154, 139.519, 67.0877) (-23.9438, 139.276, 111.578)
1 4 Left hand (-1.54496, 138.283, 65.6937) (-23.6646, 138.079, 110.236)
1 4 Left hand (-1.366, 137.377, 64.689) (-23.4526, 137.158, 109.247)
1 4 Left hand (-1.1061, 136.658, 63.7291) (-23.1917, 136.57, 108.289)
1 4 Left hand (-0.790342, 135.949, 62.8148) (-22.9301, 135.949, 107.347)
1 4 Left hand (-0.336144, 135.116, 62.0522) (-22.4612, 135.165, 106.592)
1 4 Left hand (0.0727664, 134.089, 61.3561) (-22.0743, 134.087, 105.885)
1 4 Left hand (0.640371, 132.954, 60.6662) (-21.4292, 132.861, 105.234)
1 4 Left hand (1.04335, 132.171, 60.0981) (-20.9963, 132.163, 104.68)
1 4 Left hand (1.46343, 131.294, 59.3001) (-20.5144, 131.397, 103.913)
1 4 Left hand (1.95266, 130.118, 58.3661) (-19.9306, 130.214, 103.025)
1 4 Left hand (2.21859, 129.175, 57.709) (-19.6918, 129.295, 102.355)
1 4 Left hand (2.59037, 128.579, 56.9759) (-19.337, 128.875, 101.612)
1 4 Left hand (2.92385, 127.987, 56.362) (-19.0179, 128.496, 100.99)
1 4 Left hand (3.37956, 127.402, 55.7747) (-18.5217, 128.156, 100.419)
1 4 Left hand (3.82618, 126.726, 55.1893) (-18.0524, 127.621, 99.8418)
1 4 Left hand (4.20656, 126.22, 54.771) (-17.6717, 127.265, 99.4204)
1 4 Left hand (4.5059, 125.842, 54.4897) (-17.3872, 126.997, 99.1292)
1 4 Left hand (4.82398, 125.491, 54.2621) (-17.0786, 126.703, 98.8953)
1 4 Left hand (5.01259, 125.281, 54.1511) (-16.9296, 126.536, 98.7637)
1 4 Left hand (5.14437, 125.175, 54.1136) (-16.8216, 126.442, 98.7142)
1 4 Left hand (5.22125, 125.226, 54.1248) (-16.7669, 126.539, 98.7131)
1 4 Left hand (5.56909, 125.936, 54.7546) (-16.4042, 127.287, 99.3491)
1 4 Left hand (5.59847, 127.519, 56.4935) (-16.6535, 128.511, 100.959)
1 4 Left hand (6.27191, 131.821, 60.3675) (-16.1747, 132.406, 104.742)
1 4 Left hand (6.44886, 137.901, 66.3914) (-16.7916, 137.808, 110.36)
1 4 Left hand (7.12403, 144.622, 74.1187) (-16.778, 143.908, 117.725)
1 4 Left hand (6.55428, 151.351, 82.9321) (-18.9403, 149.893, 125.608)
1 4 Left hand (6.28953, 159.978, 93.1562) (-21.0098, 159.369, 134.722)
1 4 Left hand (7.12012, 163.989, 105.104) (-21.1884, 161.068, 145.889)
1 4 Left hand (6.51057, 169.441, 118.349) (-24.8057, 167.646, 156.942)
1 4 Left hand (6.01634, 171.233, 134.042) (-28.4143, 168.857, 169.85)
1 4 Left hand (5.44254, 165.977, 152.614) (-31.7059, 159.825, 185.102)
1 0 Left hand (11.8785, 161.563, 172.417) (-26.9546, 147.162, 199.948)
1 4 Right hand (85.2545, 184.17, 182.618) (116.19, 199.806, 218.176)
1 4 Right hand (79.334, 180.596, 181.32) (108.892, 192.878, 219.285)
1 4 Right hand (73.9154, 178.113, 177.47) (102.775, 189.14, 216.347)
1 4 Right hand (68.2946, 171.722, 171.548) (97.407, 180.379, 210.835)
1 4 Right hand (60.9138, 168.563, 162.701) (89.7174, 176.552, 202.354)
1 4 Right hand (55.2918, 165.02, 156.472) (84.115, 171.817, 196.333)
1 4 Right hand (49.6053, 161.141, 150.481) (78.5273, 166.847, 190.442)
1 4 Right hand (43.9163, 161.847, 143.314) (72.5457, 168.891, 183.272)
1 4 Right hand (40.9979, 160.898, 138.16) (69.8201, 168.955, 177.786)
1 4 Right hand (40.8419, 158.488, 135.601) (70.19, 166.229, 174.903)
1 4 Right hand (36.9221, 157.79, 132.157) (65.6841, 165.673, 171.862)
1 4 Right hand (33.1584, 155.883, 126.656) (61.9103, 163.199, 166.477)
1 4 Right hand (29.5932, 155.264, 122.421) (57.9861, 162.863, 162.446)
1 4 Right hand (28.2104, 153.746, 120.518) (56.6284, 160.912, 160.605)
1 4 Right hand (26.3812, 152.382, 118.1) (54.6384, 159.265, 158.35)
1 4 Right hand (23.6485, 150.98, 115.018) (51.5022, 157.575, 155.596)
1 4 Right hand (21.857, 148.872, 112.89) (49.271, 154.814, 153.866)
1 4 Right hand (20.3135, 148.166, 109.399) (47.5074, 154.46, 150.469)
1 4 Right hand (19.244, 146.927, 106.022) (46.307, 153.436, 147.145)
1 4 Right hand (18.4337, 145.271, 103.57) (45.3541, 151.805, 144.783)
1 4 Right hand (17.8029, 143.199, 101.227) (44.5831, 149.641, 142.545)
1 5 Right hand (15.8425, 143.802, 91.155) (42.2057, 143.004, 133.229)
1 5 Right hand (14.9107, 141.993, 88.4603) (40.9171, 138.704, 130.635)
1 5 Right hand (14.8956, 139.928, 87.7571) (40.9334, 135.453, 129.804)
1 5 Right hand (14.4623, 138.13, 86.5861) (40.3395, 133.421, 128.706)
1 5 Right hand (13.842, 134.636, 84.7424) (39.3383, 129.421, 127.035)
1 5 Right hand (13.3484, 131.608, 82.8706) (38.5108, 126.063, 125.32)
1 5 Right hand (13.3394, 129.661, 81.6444) (38.3239, 123.988, 124.182)
1 5 Right hand (13.6469, 126.971, 78.543) (38.7497, 121.259, 121.006)
1 5 Right hand (13.5078, 124.693, 75.0163) (38.4785, 119.202, 117.586)
1 5 Right hand (13.0223, 123.599, 72.8695) (37.6106, 118.632, 115.725)
1 5 Right hand (12.747, 121.835, 70.865) (37.0626, 116.926, 113.883)
1 5 Right hand (12.6834, 120.844, 69.3983) (36.851, 116.141, 112.522)
1 5 Right hand (12.6632, 119.974, 67.7207) (36.7637, 115.48, 110.905)
1 5 Right hand (12.4904, 119.197, 66.3378) (36.4289, 114.889, 109.631)
1 5 Right hand (12.2681, 117.807, 64.422) (36.0847, 113.402, 107.772)
1 5 Right hand (12.1872, 117.303, 63.0914) (35.9645, 113.136, 106.487)
1 5 Right hand (12.0383, 116.91, 62.4939) (35.7456, 112.799, 105.933)
1 5 Right hand (11.9599, 116.703, 62.1788) (35.6302, 112.622, 105.641)
1 5 Right hand (11.8623, 116.594, 61.9338) (35.5408, 112.573, 105.397)
1 5 Right hand (11.5138, 115.352, 61.4358) (35.2123, 110.601, 104.814)
1 5 Right hand (10.9963, 115.459, 61.1311) (34.5981, 110.665, 104.557)
1 5 Right hand (10.6053, 115.702, 60.8612) (34.2205, 110.863, 104.276)
1 5 Right hand (10.421, 116.11, 60.6704) (34.1929, 111.349, 104.008)
1 5 Right hand (9.77915, 117.733, 60.7331) (33.6342, 113.379, 104.067)
1 5 Right hand (9.44489, 120.355, 60.7724) (33.5808, 116.885, 104.031)
1 5 Right hand (9.24188, 123.059, 61.7581) (33.5771, 120.226, 104.951)
1 5 Right hand (9.09713, 126.294, 63.4189) (33.4662, 124.215, 106.636)
1 5 Right hand (9.97987, 128.106, 66.6741) (34.7624, 125.599, 109.633)
1 5 Right hand (9.32673, 128.746, 70.853) (33.408, 124.564, 114.079)
1 5 Right hand (9.76177, 133.655, 77.9605) (33.6193, 128.081, 121.154)
1 5 Right hand (10.4311, 137.49, 81.4954) (34.9007, 131.538, 124.294)
1 5 Right hand (10.4066, 138.654, 82.5736) (35.1002, 132.627, 125.233)
1 5 Right hand (9.82472, 140.844, 86.3042) (34.2792, 134.531, 129.059)
1 4 Right hand (10.0393, 142.704, 92.7055) (34.4972, 135.354, 135.293)
1 4 Right hand (10.2021, 145.9, 98.7199) (34.6856, 138.989, 141.366)
1 4 Right hand (11.045, 147.22, 106.153) (35.6861, 139.302, 148.532)
1 5 Right hand (12.3154, 153.717, 119.679) (35.997, 147.975, 162.947)
1 5 Right hand (12.9323, 152.469, 123.151) (37.0412, 144.532, 165.831)
1 5 Right hand (13.2491, 153.044, 124.344) (37.6998, 145.224, 166.851)
1 5 Right hand (13.9966, 158.57, 136.844) (37.5641, 151.521, 179.981)
1 5 Right hand (14.6287, 158.912, 140.137) (38.412, 151.744, 183.136)
1 5 Right hand (14.8014, 160.318, 143.43) (38.2503, 153.304, 186.637)
1 5 Right hand (15.5198, 161.3, 144.974) (39.2367, 154.609, 188.085)
1 5 Right hand (16.1542, 165.442, 151.07) (39.4406, 159.777, 194.562)
1 5 Right hand (16.5411, 168.693, 160.839) (38.9223, 163.092, 204.812)
1 5 Right hand (17.5832, 172.515, 168.386) (40.0011, 166.741, 212.318)
1 5 Right hand (16.8391, 179.641, 177.744) (38.3104, 174.104, 222.176)
1 5 Right hand (18.3185, 184.905, 185.499) (40.1992, 179.218, 229.712)
1 5 Right hand (17.8589, 188.097, 189.788) (39.3886, 182.224, 234.149)
1 5 Right hand (19.9354, 190.622, 193.73) (42.7607, 184.949, 237.464)
1 5 Right hand (19.0206, 191.522, 198.251) (41.1481, 184.764, 242.189)
1 5 Right hand (18.2676, 192.361, 200.483) (40.366, 185.683, 244.448)
1 5 Right hand (17.3931, 192.092, 204.414) (39.114, 185.24, 248.541)
1 5 Right hand (17.517, 191.502, 206.045) (39.6597, 184.497, 249.937)
1 5 Right hand (16.9853, 190.469, 206.852) (39.2552, 183.163, 250.631)
1 5 Right hand (16.8138, 188.618, 207.853) (39.3342, 180.982, 251.447)
1 5 Right hand (16.4445, 186.314, 207.501) (38.9121, 178.542, 251.098)
1 5 Right hand (16.2143, 183.113, 206.73) (38.1534, 176.428, 250.774)
1 5 Right hand (17.1918, 178.561, 204.086) (39.0799, 172.025, 248.177)
1 5 Right hand (18.4464, 174.878, 199.375) (40.0931, 169.217, 243.706)
1 5 Right hand (20.617, 169.887, 196.06) (42.6877, 163.441, 240.074)
1 5 Right hand (19.2459, 167.726, 187.819) (38.3368, 167.267, 233.658)
1 5 Right hand (21.8706, 161.315, 175.995) (40.6328, 164.043, 221.891)
1 5 Right hand (29.2103, 146.057, 169.575) (50.3734, 143.707, 214.436)
1 5 Right hand (29.6177, 145.591, 163.867) (51.3806, 144.233, 208.481)
1 5 Right hand (28.1245, 146.738, 158.76) (50.0853, 147.057, 203.297)
1 5 Right hand (28.9765, 145.289, 154.098) (52.4537, 144.512, 197.849)
1 5 Right hand (28.9543, 146.257, 151.545) (52.707, 146.16, 195.154)
1 5 Right hand (26.738, 149.267, 147.929) (49.2314, 151.172, 192.159)
1 5 Right hand (27.4115, 146.807, 145.726) (49.9364, 147.21, 189.979)
1 5 Right hand (28.3412, 147.338, 142.608) (51.0656, 147.726, 186.759)
1 5 Right hand (28.2867, 151.733, 138.939) (50.6262, 154.539, 183.199)
1 5 Right hand (29.0135, 154.299, 135.864) (51.3931, 158.544, 179.989)
1 5 Right hand (29.1992, 158.423, 131.984) (51.174, 165.307, 175.98)
1 5 Right hand (29.1171, 160.124, 130.098) (50.6015, 168.247, 174.124)
1 5 Right hand (28.3788, 160.739, 128.565) (48.981, 169.74, 172.842)
1 5 Right hand (28.403, 160.807, 127.629) (48.5926, 170.176, 172.019)
1 5 Right hand (28.1508, 160.931, 126.623) (47.9208, 170.664, 171.124)
1 5 Right hand (28.3131, 161.355, 123.93) (47.9717, 172.128, 168.24)
1 5 Right hand (27.6528, 159.74, 119.477) (47.1049, 170.502, 163.881)
1 5 Right hand (28.0813, 161.562, 111.281) (47.7635, 176.529, 154.345)
1 5 Right hand (26.7814, 160.226, 109.639) (45.8783, 174.217, 153.291)
1 5 Right hand (25.7514, 159.344, 108.706) (44.2258, 172.895, 152.762)
1 5 Right hand (24.7158, 158.695, 107.075) (42.5235, 172.445, 151.343)
1 5 Right hand (23.7973, 158.09, 105.618) (41.2415, 171.73, 150.064)
1 5 Right hand (23.1053, 157.581, 103.956) (40.4058, 171.143, 148.483)
1 5 Right hand (23.1882, 157.26, 101.078) (40.8921, 171.521, 145.227)
1 5 Right hand (23.7545, 157.934, 97.0421) (41.9982, 174.003, 140.341)
1 5 Right hand (20.9016, 154.353, 95.4866) (38.115, 168.892, 139.738)
1 5 Right hand (19.9902, 153.926, 93.7275) (37.0941, 168.762, 137.923)
1 5 Right hand (19.0908, 152.995, 92.9489) (35.9766, 167.734, 137.26)
1 5 Right hand (18.4944, 152.176, 92.3066) (35.3836, 166.855, 136.637)
1 5 Right hand (17.5028, 150.784, 91.6028) (34.3727, 165.261, 136.007)
1 5 Right hand (16.8489, 148.942, 89.6646) (34.1878, 163.365, 133.905)
1 5 Right hand (16.2363, 147.783, 88.5527) (33.8068, 162.17, 132.713)
1 5 Right hand (14.5539, 145.489, 86.6201) (32.1719, 159.777, 130.794)
1 5 Right hand (12.4387, 143.102, 84.9694) (29.7748, 157.234, 129.305)
1 5 Right hand (10.9717, 140.957, 83.7969) (28.2115, 154.808, 128.258)
1 5 Right hand (9.77277, 139.568, 80.8196) (27.129, 154.022, 125.043)
1 5 Right hand (8.55008, 138.287, 79.209) (25.9665, 153.082, 123.296)
1 5 Right hand (7.88758, 137.135, 78.5917) (25.4814, 151.884, 122.623)
1 5 Right hand (6.37515, 135.447, 77.6572) (23.7954, 150.131, 121.78)
1 5 Right hand (5.4345, 133.797, 77.2147) (22.9569, 148.255, 121.371)
1 5 Right hand (3.95911, 131.187, 76.7537) (21.3132, 145.151, 121.135)
1 5 Right hand (3.38785, 127.874, 76.0588) (21.1214, 141.32, 120.45)
1 5 Right hand (3.33791, 126.566, 75.6125) (21.4676, 139.876, 119.885)
1 5 Right hand (2.78607, 125.839, 75.2985) (20.9617, 139.137, 119.556)
1 5 Right hand (2.31534, 125.125, 74.6819) (20.691, 138.446, 118.849)
1 5 Right hand (1.76044, 125.878, 72.7755) (20.5538, 140.256, 116.433)
1 5 Right hand (0.900842, 125.096, 72.1115) (19.8739, 139.432, 115.705)
1 5 Right hand (0.0680928, 124.8, 71.5559) (19.297, 139.294, 114.985)
1 5 Right hand (-1.24411, 124.646, 71.0282) (18.2577, 139.472, 114.223)
1 5 Right hand (-2.80766, 123.575, 70.6894) (17.2725, 138.2, 113.687)
1 5 Right hand (-4.43643, 122.991, 70.4345) (16.4688, 137.702, 113.007)
1 5 Right hand (-6.96821, 122.859, 70.4601) (14.6989, 137.863, 112.547)
1 5 Right hand (-10.0421, 122.429, 71.0992) (12.4107, 137.368, 112.796)
1 5 Right hand (-12.8452, 122.209, 71.5276) (10.5694, 137.091, 112.712)
1 5 Right hand (-16.4166, 121.949, 72.797) (7.62099, 136.634, 113.692)
1 5 Right hand (-19.6332, 122.596, 73.8835) (5.22416, 137.432, 114.231)
1 5 Right hand (-23.6108, 123.047, 76.8661) (1.74149, 137.061, 117.199)
1 5 Right hand (-26.5251, 122.744, 79.9014) (-0.205863, 135.18, 120.132)
1 5 Right hand (-30.2115, 126.144, 81.4054) (-3.38251, 139.4, 121.033)
1 5 Right hand (-33.549, 128.487, 83.4222) (-6.02412, 141.653, 122.6)
1 5 Right hand (-36.2551, 129.528, 85.6676) (-7.89899, 141.67, 124.583)
1 5 Right hand (-39.7842, 132.622, 90.1261) (-11.1058, 143.991, 129.039)
1 5 Right hand (-41.6231, 133.839, 92.2855) (-11.6062, 144.116, 130.486)
1 5 Right hand (-45.2324, 139.694, 97.4992) (-14.7158, 149.66, 135.385)
1 5 Right hand (-48.6409, 144.077, 102.36) (-17.1005, 152.81, 139.707)
1 5 Right hand (-52.4669, 150.226, 110.359) (-20.7834, 158.638, 147.659)
1 5 Right hand (-56.2718, 157.107, 116.526) (-23.8423, 166.327, 152.984)
1 4 Right hand (-57.7229, 163.408, 122.061) (-22.1783, 173.88, 155.118)
1 4 Right hand (-63.0854, 171.639, 134.517) (-27.708, 182.157, 167.739)
1 4 Right hand (-66.9527, 179.061, 145.338) (-31.3499, 190.392, 178.048)
1 4 Right hand (-59.8594, 180.348, 157.727) (-28.1362, 192.687, 193.884)
1 4 Right hand (-58.3496, 177.532, 160.977) (-30.0147, 194.065, 198.255)
1 4 Right hand (-59.5809, 178.345, 163.107) (-32.7871, 197.795, 200.116)
1 4 Right hand (-60.6893, 180.075, 168.382) (-32.466, 201.282, 203.304)
1 1 Right hand (-63.0341, 180.813, 170.478) (-34.3974, 202.35, 204.858)
1 1 Right hand (-63.7884, 181.05, 171.153) (-35.0333, 202.735, 205.341)
1 1 Right hand (-62.3745, 178.8, 172.887) (-33.2042, 202.098, 205.631)
1 1 Right hand (-65.2346, 175.439, 174.611) (-35.5137, 200.332, 205.642)
1 1 Right hand (-63.9827, 174, 175.031) (-35.2058, 200.235, 205.846)
1 1 Right hand (-63.3782, 173.256, 175.158) (-34.9524, 199.7, 206.119)
1 1 Right hand (-63.0974, 172.91, 175.217) (-34.8335, 199.454, 206.241)
1 0 Right hand (-49.8743, 175.612, 178.466) (-23.646, 198.068, 214.155)
1 0 Right hand (-40.2704, 178.676, 175.678) (-22.3256, 200.066, 216.743)
1 0 Right hand (-33.0099, 181.153, 172.292) (-17.2547, 200.703, 215.135)
1 0 Right hand (-39.7815, 193.148, 169.869) (-29.5193, 211.908, 214.687)
1 0 Right hand (-36.3395, 196.817, 167.746) (-31.2439, 212.962, 214.428)
1 0 Right hand (-9.03071, 195.593, 163.039) (-9.80924, 204.282, 211.924)
1 0 Right hand (-5.92125, 185.1, 144.075) (-1.31978, 187.55, 193.458)
1 0 Right hand (-3.5228, 184.329, 136.646) (2.88779, 185.19, 185.881)
1 0 Right hand (0.2845, 186.319, 132.553) (8.94019, 186.894, 181.447)
1 1 Right hand (8.01465, 179.008, 110.569) (17.5539, 179.324, 159.301)
1 1 Right hand (16.5093, 171.574, 88.5847) (30.9921, 176.134, 135.864)
1 1 Right hand (17.8945, 171.701, 85.3106) (32.1292, 176.901, 132.599)
1 1 Right hand (19.5149, 171.804, 82.9028) (33.2154, 176.454, 130.406)
1 1 Right hand (24.2476, 171.307, 77.9495) (40.7083, 168.499, 124.715)
1 1 Right hand (27.917, 169.096, 71.6674) (44.0869, 163.038, 118.226)
1 0 Right hand (30.5272, 167.308, 66.0872) (45.6119, 158.052, 112.484)
1 0 Right hand (32.1482, 165.431, 61.476) (46.3551, 154.907, 107.879)
1 4 Right hand (33.6611, 164.533, 71.3914) (50.7991, 173.954, 117.036)
1 4 Right hand (33.728, 156.608, 76.5133) (50.5766, 173.174, 120.189)
1 4 Right hand (33.4535, 152.643, 76.4709) (49.7359, 170.699, 119.769)
1 4 Right hand (32.9008, 150.232, 74.6149) (49.0111, 168.934, 117.703)
1 4 Right hand (32.2892, 148.1, 72.3289) (48.5489, 167.398, 115.097)
1 4 Right hand (31.6424, 145.937, 69.9539) (48.3485, 165.564, 112.399)
1 4 Right hand (30.7108, 143.214, 67.7088) (47.7946, 162.909, 109.972)
1 4 Right hand (29.8496, 141.633, 64.9536) (47.4492, 161.594, 106.879)
1 4 Right hand (28.9361, 139.881, 62.9203) (46.581, 159.889, 104.804)
1 4 Right hand (28.1456, 138.683, 61.5628) (45.7016, 158.731, 103.465)
1 4 Right hand (27.4798, 137.817, 60.8043) (44.9362, 157.891, 102.735)
1 4 Right hand (26.7448, 137.27, 60.3263) (44.1392, 157.403, 102.255)
1 4 Right hand (26.1001, 136.86, 60.0266) (43.5639, 157, 101.923)
1 4 Right hand (25.4716, 136.566, 59.8181) (43.0473, 156.708, 101.667)
1 4 Right hand (24.7553, 136.271, 59.701) (42.4298, 156.38, 101.524)
1 4 Right hand (24.046, 135.813, 59.8233) (41.8086, 155.658, 101.735)
1 4 Right hand (23.3053, 135.899, 59.8102) (41.0695, 155.7, 101.742)
1 4 Right hand (22.6758, 136.068, 59.8028) (40.4463, 155.856, 101.738)
1 4 Right hand (22.0848, 136.172, 59.8791) (39.834, 155.864, 101.868)
1 4 Right hand (21.514, 136.487, 60.0526) (39.2811, 156.022, 102.107)
1 4 Right hand (20.8821, 137.036, 60.2705) (38.6915, 156.318, 102.424)
1 4 Right hand (20.3169, 137.881, 60.6154) (38.1882, 156.966, 102.832)
1 4 Right hand (19.7861, 138.996, 61.5531) (37.6888, 157.687, 103.932)
1 4 Right hand (19.3528, 140.65, 62.6859) (37.3667, 158.951, 105.188)
1 4 Right hand (18.9267, 142.348, 64.7804) (37.0399, 159.527, 107.707)
1 4 Right hand (18.0765, 145.21, 68.0628) (36.1952, 161.469, 111.344)
1 4 Right hand (17.1836, 151.004, 73.3591) (35.8287, 167.68, 116.256)
1 4 Right hand (16.2693, 160.36, 80.04) (35.8929, 179.189, 121.589)
1 4 Right hand (15.8085, 167.551, 84.9499) (36.8765, 190.72, 123.489)
1 4 Right hand (13.1905, 169.351, 94.0721) (35.4935, 186.77, 134.877)
1 4 Right hand (11.6163, 172.022, 105.79) (34.4288, 194.312, 143.851)
1 4 Right hand (8.40939, 172.245, 110.78) (32.2404, 195.971, 147.319)
1 1 Right hand (4.52024, 167.529, 115.556) (26.8484, 179.573, 158.244)
1 0 Right hand (-5.40484, 161.052, 134.003) (21.4909, 167.701, 175.214)
1 0 Right hand (-26.8173, 150.567, 147.23) (0.941489, 154.829, 188.183)
1 0 Right hand (-37.5345, 154.603, 160.675) (-7.36199, 169.204, 197.313)
1 0 Right hand (-40.7941, 155.83, 164.765) (-10.7861, 173.704, 200.063)
1 2 Right hand (44.8232, 196.425, 177.835) (61.6831, 169.707, 219.938)
1 2 Right hand (46.2914, 193.775, 177.021) (63.7675, 165.474, 217.817)
1 2 Right hand (45.2687, 188.823, 169.368) (62.4889, 158.766, 209)
1 2 Right hand (42.7466, 179.102, 150.719) (60.0175, 148.636, 190.015)
1 2 Right hand (44.2856, 174.348, 135.766) (62.4918, 149.13, 178.23)
1 3 Right hand (41.1104, 165.281, 117.589) (58.4156, 139.832, 160.292)
1 3 Right hand (38.8415, 156.915, 104.609) (56.7504, 131.541, 147.107)
1 3 Right hand (35.9497, 153.215, 95.5967) (53.5232, 130.137, 139.52)
1 3 Right hand (33.8437, 148.765, 88.7694) (51.9734, 127.383, 133.32)
1 4 Right hand (33.1097, 142.077, 83.859) (52.0131, 120.061, 127.775)
1 4 Right hand (30.8183, 139.853, 79.5033) (49.7495, 119.074, 124.006)
1 4 Right hand (29.3748, 136.528, 75.6483) (48.6968, 115.797, 120.005)
1 4 Right hand (27.8195, 133.971, 73.0917) (47.5674, 113.446, 117.357)
1 4 Right hand (26.4848, 133.473, 71.6841) (46.4831, 113.805, 116.225)
1 4 Right hand (25.348, 131.324, 69.5615) (45.8185, 111.73, 113.92)
1 4 Right hand (24.7742, 128.344, 67.9355) (45.8111, 108.084, 111.727)
1 4 Right hand (23.5557, 126.775, 66.6947) (44.8435, 106.473, 110.344)
1 4 Right hand (23.1807, 125.161, 65.7188) (44.9127, 104.57, 109.013)
1 4 Right hand (22.526, 124.602, 65.214) (44.4375, 104.095, 108.457)
1 4 Right hand (22.0364, 124.31, 64.9213) (44.0947, 103.908, 108.14)
1 4 Right hand (21.5664, 124.005, 64.5982) (43.8053, 103.737, 107.787)
1 4 Right hand (21.3337, 123.803, 64.3403) (43.7375, 103.603, 107.476)
1 4 Right hand (21.0849, 123.678, 64.1185) (43.6467, 103.565, 107.212)
1 4 Right hand (20.8763, 123.585, 63.9139) (43.5745, 103.544, 106.97)
1 4 Right hand (20.685, 123.549, 63.6971) (43.5043, 103.596, 106.73)
1 4 Right hand (20.5436, 123.523, 63.5371) (43.4522, 103.634, 106.552)
1 4 Right hand (20.4384, 123.503, 63.4179) (43.4132, 103.663, 106.42)
1 4 Right hand (20.2233, 123.595, 63.2292) (43.3203, 103.886, 106.226)
1 4 Right hand (20.0589, 123.829, 62.5171) (43.297, 104.356, 105.545)
1 4 Right hand (19.6688, 124.182, 61.9234) (43.0158, 105.005, 105.025)
1 4 Right hand (19.2694, 124.542, 61.5052) (42.7156, 105.637, 104.674)
1 4 Right hand (19.0217, 124.765, 61.2457) (42.5306, 106.029, 104.454)
1 4 Right hand (18.865, 124.906, 61.0816) (42.4141, 106.277, 104.314)
1 4 Right hand (18.5342, 125.574, 60.8406) (42.0185, 107.26, 104.243)
1 4 Right hand (17.9382, 126.699, 60.6293) (41.2654, 108.812, 104.293)
1 4 Right hand (17.0656, 128.35, 60.6692) (40.2306, 110.747, 104.534)
1 4 Right hand (14.4376, 134.039, 61.9657) (36.916, 117.124, 106.455)
1 4 Right hand (11.2715, 141.774, 65.0339) (33.8516, 126.177, 109.951)
1 4 Right hand (8.71186, 150.156, 70.8009) (32.3843, 135.887, 115.597)
1 4 Right hand (6.07927, 158.44, 79.4063) (30.7688, 146.171, 124.246)
1 4 Right hand (3.63339, 165.737, 90.0944) (30.1014, 154.521, 134.189)
1 4 Right hand (2.55319, 172.363, 103.147) (30.2524, 165.636, 147.398)
1 4 Right hand (1.20064, 178.393, 115.838) (30.1974, 171.119, 159.162)
1 1 Right hand (-2.05496, 183.099, 123.135) (28.8732, 176.657, 165.238)
1 1 Right hand (-4.5387, 183.236, 134.693) (28.478, 183.813, 175.684)
1 0 Right hand (-3.80522, 183.504, 142.066) (23.9264, 184.395, 186.797)
1 0 Right hand (-3.51933, 178.148, 147.508) (29.4928, 178.37, 188.506)
1 0 Right hand (-2.96074, 174.357, 152.241) (35.7618, 174.64, 187.894)
1 0 Right hand (-1.45092, 173.001, 154.614) (40.7432, 171.677, 186.055)
1 0 Right hand (3.35693, 166.437, 154.321) (47.622, 166.155, 182.802)
1 0 Right hand (7.54311, 152.182, 149.407) (52.988, 150.823, 175.932)
1 0 Right hand (6.24839, 145.309, 148.725) (53.0016, 143.073, 172.803)
1 0 Right hand (15.7879, 139.984, 143.726) (64.3683, 133.409, 162.892)